Generation 1 fittest network:
'[[ 0.2320557   0.13643423  0.0098153   0.00195817  0.01700861]
 [ 0.26371967 -0.05946464  0.71258765 -0.09478157 -0.07291549]
 [ 0.09198113 -0.11664258  0.16377621  0.9740809  -0.06446701]
 [-0.22592576 -0.49719952 -0.01205747  0.10505515 -0.49864027]
 [ 0.23365413  0.16888769  0.1334951  -0.03305569  0.09330969]
 [ 0.04368589  0.38338874  0.33695736 -0.37708002 -0.37630643]
 [ 0.14913497 -0.11534767 -0.446453   -0.70559476  0.25438569]
 [ 0.41408369  0.10293522  0.18980849 -0.37591001 -0.24825614]
 [-0.25222944  0.04648444  0.00629639  0.39473648 -0.01581454]
 [ 0.39260288 -0.19590289  0.09231563  0.1820917  -0.4042361 ]
 [-0.03475841  0.46954852 -0.38531236 -0.20509199 -0.49785115]]|[[-0.29672843 -0.77009184 -0.42996493  0.95030846  0.00205259 -0.83960348
  -1.08777824  0.58508834 -0.48251116  1.46166953 -1.52708639]]'Generation 2 fittest network:
'[[-2.87552021e-01 -3.36529158e-01 -4.63148085e-01 -2.43612475e-01
  -4.55954773e-01]
 [ 4.24457380e-02 -5.40045532e-02  4.77460700e-01  1.19438280e-01
  -2.64375093e-01]
 [-3.14970931e-01 -5.11243061e-01 -2.30824270e-01 -3.09582078e-01
  -4.59067497e-01]
 [-2.27572132e-01 -4.98845891e-01 -1.37038444e-02 -1.95245659e-01
   1.16678289e-01]
 [-3.02950892e-01  8.78253960e-02  4.01290297e-02 -1.26421763e-01
  -5.63869214e-05]
 [-2.24580255e-01  5.43075495e-01  4.96644114e-01  1.46797838e-01
   4.12800306e-01]
 [-1.15685797e-01 -3.80168436e-01 -8.01260259e-01 -9.70415529e-01
   2.15978864e-01]
 [ 6.86355221e-01 -2.02125701e-01  4.62080015e-01  7.66264160e-01
   5.15054618e-01]
 [ 1.87605212e-01 -3.35826370e-02 -7.37706908e-02  2.97854225e-02
  -4.70300163e-01]
 [ 3.44501161e-02 -1.69148312e-01  2.85951720e-01  4.89118778e-01
   4.17336232e-01]
 [-2.59086228e-01  2.45220701e-01 -6.09640181e-01 -4.29419809e-01
  -7.22178965e-01]]|[[ 0.77683996  0.07838556  0.46626237 -0.91023481  0.03695549  0.08552029
  -0.40302742  1.10177816 -2.65822988 -1.17069339  1.02514185]]'Generation 3 fittest network:
'[[-0.14995814 -0.24461332 -1.12973022 -0.55229701 -0.36910686]
 [-0.04208755  0.34546732 -0.69016333 -0.09274374 -0.03081755]
 [-0.08302119 -0.12246506 -0.0112261  -0.08998391 -0.21303814]
 [ 0.20194965 -0.34251932  0.15003238 -0.08603686  0.22588709]
 [-0.10383478  0.35787255  0.62380619 -0.02094842 -0.07139265]
 [ 0.54669793 -0.07035957  1.279885    0.91807602  0.341332  ]
 [-0.00659757 -0.83305031 -0.65129822 -0.19736466  0.20102454]
 [ 0.03951207 -0.58043094 -0.70947772  0.25298005  0.13674938]
 [ 0.95701495 -0.19651756 -0.59016776  0.79919516 -0.59951965]
 [ 0.14713948  0.42232929  0.39864109  0.72872856 -0.39979568]
 [ 0.10055838 -0.36796323  0.69831905 -0.36327734 -0.65677148]]|[[ 0.58688049 -2.35657768  1.3441134   0.75143169 -0.18758563  1.01478649
  -0.13248891  0.55549695  0.14964975 -0.09022432 -1.22889122]]'Generation 4 fittest network:
'[[-0.14995814 -0.24461332 -1.12973022 -0.55229701 -0.36910686]
 [-0.04208755  0.34546732 -0.69016333 -0.09274374 -0.03081755]
 [-0.08302119 -0.12246506 -0.0112261  -0.08998391 -0.21303814]
 [ 0.20194965 -0.34251932  0.15003238 -0.08603686  0.22588709]
 [-0.10383478  0.35787255  0.62380619 -0.02094842 -0.07139265]
 [ 0.54669793 -0.07035957  1.279885    0.91807602  0.341332  ]
 [-0.00659757 -0.83305031 -0.65129822 -0.19736466  0.20102454]
 [ 0.03951207 -0.58043094 -0.70947772  0.25298005  0.13674938]
 [ 0.95701495 -0.19651756 -0.59016776  0.79919516 -0.59951965]
 [ 0.14713948  0.42232929  0.39864109  0.72872856 -0.39979568]
 [ 0.10055838 -0.36796323  0.69831905 -0.36327734 -0.65677148]]|[[ 0.58688049 -2.35657768  1.3441134   0.75143169 -0.18758563  1.01478649
  -0.13248891  0.55549695  0.14964975 -0.09022432 -1.22889122]]'Generation 5 fittest network:
'[[-0.14995814 -0.24461332 -1.12973022 -0.55229701 -0.36910686]
 [-0.04208755  0.34546732 -0.69016333 -0.09274374 -0.03081755]
 [-0.08302119 -0.12246506 -0.0112261  -0.08998391 -0.21303814]
 [ 0.20194965 -0.34251932  0.15003238 -0.08603686  0.22588709]
 [-0.10383478  0.35787255  0.62380619 -0.02094842 -0.07139265]
 [ 0.54669793 -0.07035957  1.279885    0.91807602  0.341332  ]
 [-0.00659757 -0.83305031 -0.65129822 -0.19736466  0.20102454]
 [ 0.03951207 -0.58043094 -0.70947772  0.25298005  0.13674938]
 [ 0.95701495 -0.19651756 -0.59016776  0.79919516 -0.59951965]
 [ 0.14713948  0.42232929  0.39864109  0.72872856 -0.39979568]
 [ 0.10055838 -0.36796323  0.69831905 -0.36327734 -0.65677148]]|[[ 0.58688049 -2.35657768  1.3441134   0.75143169 -0.18758563  1.01478649
  -0.13248891  0.55549695  0.14964975 -0.09022432 -1.22889122]]'Generation 6 fittest network:
'[[ 0.0320424  -0.06261279 -0.94772968 -1.01190768 -0.55427097]
 [ 0.06826073  0.45581559  0.13096945  0.01760453 -0.00717191]
 [-0.49341515 -0.71332798 -1.09546512 -1.35469188 -1.5041773 ]
 [-0.21403216 -0.75850113  0.38799872 -0.50201867  0.35464463]
 [-0.60555226 -0.00605181 -0.51662974 -0.11482563 -0.50177386]
 [-0.76935204  0.47369923  1.82394379 -0.20092595  0.8853908 ]
 [-0.10279021 -0.65246474 -0.47071265 -0.95751995 -0.33700676]
 [-0.16562074 -0.78556375 -0.95629295  0.00616483 -0.06838343]
 [ 0.51415831 -0.50778605  0.0577891   0.3086675  -0.19141808]
 [-1.15688332  0.07548073 -0.39006144 -0.26036069 -0.33214324]
 [ 0.2366062   0.67974611 -0.84165305 -0.52256054 -0.65886081]]|[[-0.47555091 -0.93631624 -0.93309195 -0.91163375 -0.64874787  0.36370305
  -1.30557384  0.29009376  0.64085401 -0.4767147   0.42683986]]'Generation 7 fittest network:
'[[-0.48543137 -0.39808602 -1.46520345 -1.34738091 -0.70458009]
 [-0.28568037 -0.00847377 -0.22297164 -0.44668483 -0.361113  ]
 [-0.56551309 -1.19581989 -0.49371801 -0.57247582 -1.98666921]
 [ 0.33255683 -0.21191213  0.5186059  -0.37141148  0.35649428]
 [-0.41521611 -0.31743314  0.31242486 -0.42620696 -0.81315519]
 [-0.30175025  0.39724223  2.29154559  0.26667584  1.35299259]
 [ 0.17214036 -0.55811973 -0.19578207  0.07756592 -0.06207618]
 [-0.03701737 -0.65696038 -0.58087435  0.38158342  0.06021994]
 [ 1.14869559 -0.00483691  0.24946974  0.9908758  -0.407839  ]
 [ 0.51533621  0.44367746 -0.02186471  0.10783603 -0.03159896]
 [ 0.31221297 -0.15630864  0.90997365 -0.31090595 -0.44511689]]|[[ 3.37224286  1.58553024  0.42321947 -0.02615211 -0.39781094  1.60826982
   0.84775323 -0.45680084  0.02141309 -1.06241652 -0.80311899]]'Generation 8 fittest network:
'[[-0.36193689 -0.63859261 -1.52370951 -0.12780617  0.05538398]
 [-0.64832196 -0.37111537 -1.40674602 -0.80932643 -0.58794592]
 [ 0.48270584  0.63777564  0.7490146  -0.3243699   0.54720256]
 [ 0.18843121 -0.35603776  0.13651394 -0.0995553   0.34112619]
 [ 0.02561934  0.62511979  0.65124943  0.22963245  0.55977895]
 [ 0.33217823 -0.19583601  1.06536529 -0.39298126  0.69333549]
 [-0.85502605 -1.58528614 -1.22294849 -1.70975578 -0.5512113 ]
 [ 0.00206312 -0.8230127  -1.15568082 -0.16633816 -0.30945372]
 [ 0.28186815 -0.36181339 -0.17450106  0.07637735 -0.27804151]
 [ 0.0691828   0.3443726   0.80814762  0.11298387 -0.47775237]
 [-0.26656622  0.17657369 -1.34482547 -0.86644976 -1.03181644]]|[[-0.59050905 -0.35540065  0.97846007  0.12267895 -0.52369384  0.71457012
   1.07136997 -0.27469535 -0.77867956 -0.0893877  -1.23048279]]'Generation 9 fittest network:
'[[-0.36193689 -0.63859261 -1.52370951 -0.12780617  0.05538398]
 [-0.64832196 -0.37111537 -1.40674602 -0.80932643 -0.58794592]
 [ 0.48270584  0.63777564  0.7490146  -0.3243699   0.54720256]
 [ 0.18843121 -0.35603776  0.13651394 -0.0995553   0.34112619]
 [ 0.02561934  0.62511979  0.65124943  0.22963245  0.55977895]
 [ 0.33217823 -0.19583601  1.06536529 -0.39298126  0.69333549]
 [-0.85502605 -1.58528614 -1.22294849 -1.70975578 -0.5512113 ]
 [ 0.00206312 -0.8230127  -1.15568082 -0.16633816 -0.30945372]
 [ 0.28186815 -0.36181339 -0.17450106  0.07637735 -0.27804151]
 [ 0.0691828   0.3443726   0.80814762  0.11298387 -0.47775237]
 [-0.26656622  0.17657369 -1.34482547 -0.86644976 -1.03181644]]|[[-0.59050905 -0.35540065  0.97846007  0.12267895 -0.52369384  0.71457012
   1.07136997 -0.27469535 -0.77867956 -0.0893877  -1.23048279]]'Generation 10 fittest network:
'[[-0.36193689 -0.63859261 -1.52370951 -0.12780617  0.05538398]
 [-0.64832196 -0.37111537 -1.40674602 -0.80932643 -0.58794592]
 [ 0.48270584  0.63777564  0.7490146  -0.3243699   0.54720256]
 [ 0.18843121 -0.35603776  0.13651394 -0.0995553   0.34112619]
 [ 0.02561934  0.62511979  0.65124943  0.22963245  0.55977895]
 [ 0.33217823 -0.19583601  1.06536529 -0.39298126  0.69333549]
 [-0.85502605 -1.58528614 -1.22294849 -1.70975578 -0.5512113 ]
 [ 0.00206312 -0.8230127  -1.15568082 -0.16633816 -0.30945372]
 [ 0.28186815 -0.36181339 -0.17450106  0.07637735 -0.27804151]
 [ 0.0691828   0.3443726   0.80814762  0.11298387 -0.47775237]
 [-0.26656622  0.17657369 -1.34482547 -0.86644976 -1.03181644]]|[[-0.59050905 -0.35540065  0.97846007  0.12267895 -0.52369384  0.71457012
   1.07136997 -0.27469535 -0.77867956 -0.0893877  -1.23048279]]'Generation 11 fittest network:
'[[ 0.38457943 -0.25574656 -1.14086346 -0.05950349  0.05538398]
 [-0.08299453  0.48904055 -1.35778552 -0.45051051  0.27921836]
 [ 0.21558203  0.41228434  0.63608453 -0.59149372 -2.47184215]
 [ 0.06882732 -0.56140187  0.20575416 -0.54768051  0.41036641]
 [ 0.28517445 -0.41758617  0.28610511  0.60909587  0.29676175]
 [ 0.84182159 -0.20633767  2.83144004  0.08792816  1.17424491]
 [-0.19959498 -0.92985508 -1.59091221 -1.39687673 -0.56981425]
 [ 0.20233848 -0.62273734 -0.66977535 -0.20680077  0.36972235]
 [ 1.00173323  0.30757678 -0.15971626  0.95048467 -0.03711054]
 [-0.42883346 -0.16428886  0.81936119 -0.16309738 -0.57191283]
 [ 1.1437788   0.68318998 -0.83820918 -0.35983347 -0.52520015]]|[[-0.45082026 -0.59004365  1.19432043  0.41717675 -0.09268508  0.75015544
  -1.36389648 -0.27007754  0.02985918  0.58800126 -1.3496552 ]]'Generation 12 fittest network:
'[[-3.61936892e-01 -6.38592614e-01 -8.37907684e-01 -1.27806168e-01
   5.53839811e-02]
 [-8.93410354e-01 -6.16203763e-01 -1.65183441e+00 -1.05441482e+00
  -8.33034315e-01]
 [-3.25260097e-02  8.09939626e-01  1.65161641e+00 -1.52205915e-01
  -2.08652405e+00]
 [-3.02573363e-04 -9.59764554e-01 -5.22198444e-02 -9.46043201e-01
   1.59874581e-01]
 [ 3.33081641e-01  9.32582088e-01  2.28675449e-01  5.37094751e-01
   8.67241251e-01]
 [ 5.56945691e-01 -4.91213565e-01  1.29931557e+00 -6.88358812e-01
   1.75758914e+00]
 [ 4.13775863e-01 -1.10150038e+00 -7.39162725e-01 -9.46688623e-01
  -6.74255387e-02]
 [ 4.06237151e-01 -5.05035065e-01 -8.37703180e-01  1.51639479e-01
   8.52392090e-03]
 [-4.98978576e-01 -1.14266011e+00 -1.38008309e+00 -1.11641190e+00
  -1.05888823e+00]
 [ 2.42623671e-01  6.88475508e-01  1.20867134e+00  5.13507587e-01
  -2.52539208e-01]
 [ 9.57649353e-01  2.52463890e-01 -1.26893528e+00 -9.17784508e-02
  -4.18059504e-01]]|[[-1.97588858  0.10203017  0.04571178  1.25703204 -0.36956489  0.36295518
  -0.19425629 -0.67401675  0.75950302  0.85968962 -0.18253834]]'Generation 13 fittest network:
'[[-0.17701773 -0.24560396 -1.13072085 -0.04936089  0.11864876]
 [ 0.17030859  0.48904055 -1.03818037 -0.45051051  0.27921836]
 [ 1.34368733  0.89370409  1.11750427  0.38241784 -1.7847443 ]
 [-0.12165014 -0.88763683 -0.1204808  -0.73815798  0.21988895]
 [ 1.01450987  0.31174925  1.01544053  1.00354698  0.56609675]
 [ 0.65386813 -0.49500621  2.64348658 -0.1000253   0.98629145]
 [ 0.1302612  -0.38145056 -1.26105602 -1.06702054 -0.23995807]
 [ 0.24444053 -0.39306467 -1.2396649  -0.16469872  0.41182439]
 [ 0.57783181 -0.11632464 -0.58361769 -1.0007211  -0.94319743]
 [ 0.20018715  0.02529803  1.08508472  0.38992097 -0.22040394]
 [ 0.49310282  0.5469074  -0.95190484 -0.10686923 -0.15486645]]|[[-0.66444006 -0.15197977  0.20248737 -0.9868317  -0.08414433  0.40221565
  -0.28696212 -1.35440702 -0.09535971  0.52523421 -0.76931233]]'Generation 14 fittest network:
'[[-9.85941221e-01 -8.49237858e-01 -1.27767437e+00 -7.51810497e-01
  -5.38107314e-01]
 [-1.37387979e-01  1.81343989e-01 -1.34587693e+00 -7.58207070e-01
   2.24824918e-01]
 [ 9.53845510e-01  1.24879912e+00  1.47259931e+00  7.37512882e-01
   8.64148487e-01]
 [-2.93433714e-02 -4.43633463e-01 -2.81740323e-02 -6.45851204e-01
   3.12195718e-01]
 [ 7.65110138e-01 -4.01636800e-01  3.02054477e-01  7.54147249e-01
  -1.47289302e-01]
 [ 5.77283464e-01 -3.61949839e-01  2.96349402e+00  2.19982148e-01
   1.30629890e+00]
 [ 1.30261204e-01 -3.81450557e-01 -1.26105602e+00 -1.97415620e+00
  -3.30648160e-01]
 [ 2.45433144e-01 -5.37540629e-01 -1.38414086e+00 -4.36900251e-01
   4.12817009e-01]
 [ 6.08047092e-01 -4.12105825e-01 -5.53402403e-01  1.83480012e-03
  -9.12982141e-01]
 [ 5.97565126e-01  4.22676010e-01  1.48246270e+00  7.87298949e-01
   8.98196155e-02]
 [-1.49033018e-01  5.46907401e-01 -9.51904842e-01 -1.06869233e-01
  -1.54866447e-01]]|[[ 0.11219519  1.4666418   0.11950028  0.09393652 -0.52607319  2.73669634
  -0.41566473 -0.1932158   0.57783127  0.61037394 -1.87294686]]'Generation 15 fittest network:
'[[-9.85941221e-01 -8.49237858e-01 -1.27767437e+00 -7.51810497e-01
  -5.38107314e-01]
 [-1.37387979e-01  1.81343989e-01 -1.34587693e+00 -7.58207070e-01
   2.24824918e-01]
 [ 9.53845510e-01  1.24879912e+00  1.47259931e+00  7.37512882e-01
   8.64148487e-01]
 [-2.93433714e-02 -4.43633463e-01 -2.81740323e-02 -6.45851204e-01
   3.12195718e-01]
 [ 7.65110138e-01 -4.01636800e-01  3.02054477e-01  7.54147249e-01
  -1.47289302e-01]
 [ 5.77283464e-01 -3.61949839e-01  2.96349402e+00  2.19982148e-01
   1.30629890e+00]
 [ 1.30261204e-01 -3.81450557e-01 -1.26105602e+00 -1.97415620e+00
  -3.30648160e-01]
 [ 2.45433144e-01 -5.37540629e-01 -1.38414086e+00 -4.36900251e-01
   4.12817009e-01]
 [ 6.08047092e-01 -4.12105825e-01 -5.53402403e-01  1.83480012e-03
  -9.12982141e-01]
 [ 5.97565126e-01  4.22676010e-01  1.48246270e+00  7.87298949e-01
   8.98196155e-02]
 [-1.49033018e-01  5.46907401e-01 -9.51904842e-01 -1.06869233e-01
  -1.54866447e-01]]|[[ 0.11219519  1.4666418   0.11950028  0.09393652 -0.52607319  2.73669634
  -0.41566473 -0.1932158   0.57783127  0.61037394 -1.87294686]]'Generation 16 fittest network:
'[[ 0.20129876 -0.38590506 -1.80559225 -0.95791027 -0.07477451]
 [ 0.07016346  0.63876114 -0.88845978 -0.29735251  0.45054415]
 [ 1.05001417  0.60003093  0.34255207  0.15906407  0.51290928]
 [ 0.37323539  0.20696288  1.43641277 -0.19818754  1.33411192]
 [ 0.12256275 -0.11748459  0.25883268  0.11159986 -0.70773701]
 [ 0.26930639  0.29919742  3.26122247 -0.22832709  0.85798966]
 [ 0.54972582 -0.29665293 -1.084511   -0.89047552 -0.06341305]
 [ 0.12552806 -1.5759935  -1.6237376  -0.28361119  0.13537171]
 [-0.26914431 -0.98442988 -0.96200057 -1.54282986 -1.41370216]
 [ 0.92373708 -0.41354762  0.57010243  0.06158083 -0.18531262]
 [ 0.56456759  0.69583965 -1.0013275  -0.79766651 -0.51255048]]|[[-0.86840279 -2.43416903 -0.41242196 -0.01517907  0.03089724  2.37151217
  -0.31985783  0.27028743  0.25150298  0.03416027  0.91117483]]'Generation 17 fittest network:
'[[ 0.20129876 -0.38590506 -1.80559225 -0.95791027 -0.07477451]
 [ 0.07016346  0.63876114 -0.88845978 -0.29735251  0.45054415]
 [ 1.05001417  0.60003093  0.34255207  0.15906407  0.51290928]
 [ 0.37323539  0.20696288  1.43641277 -0.19818754  1.33411192]
 [ 0.12256275 -0.11748459  0.25883268  0.11159986 -0.70773701]
 [ 0.26930639  0.29919742  3.26122247 -0.22832709  0.85798966]
 [ 0.54972582 -0.29665293 -1.084511   -0.89047552 -0.06341305]
 [ 0.12552806 -1.5759935  -1.6237376  -0.28361119  0.13537171]
 [-0.26914431 -0.98442988 -0.96200057 -1.54282986 -1.41370216]
 [ 0.92373708 -0.41354762  0.57010243  0.06158083 -0.18531262]
 [ 0.56456759  0.69583965 -1.0013275  -0.79766651 -0.51255048]]|[[-0.86840279 -2.43416903 -0.41242196 -0.01517907  0.03089724  2.37151217
  -0.31985783  0.27028743  0.25150298  0.03416027  0.91117483]]'Generation 18 fittest network:
'[[-0.00365986 -0.52186761 -1.74852094 -0.32432214 -0.27973313]
 [ 0.56062231  1.12921999 -0.39800094 -0.24478732  0.941003  ]
 [ 0.05805506  0.63110862 -0.03621178 -0.54802224  0.24645798]
 [ 0.22714756 -0.93118354  0.49950685 -0.56084092  1.08858041]
 [ 0.37987876 -0.91454291 -0.88593618  0.24124113 -1.38591522]
 [ 0.21487507  0.05435658  2.96349402 -0.41873661  1.3062989 ]
 [ 0.31029745  0.26996975 -0.87949944 -1.0800027   0.14159852]
 [ 0.27843259 -0.3659691  -1.48319888 -0.06738307  0.35159982]
 [ 1.8541798  -0.20860901 -0.18617971 -0.767009   -0.39035464]
 [-0.31031828 -0.56499228  0.41865777 -0.08986383 -1.41936798]
 [ 1.04435927  1.46292167 -0.03589057  0.02782094 -0.1983399 ]]|[[-1.9231441  -0.29542339  2.00829934 -1.36668181 -0.9802876   1.17530928
  -1.01859131 -0.98279689  2.51834184 -0.02342205 -0.65180725]]'Generation 1 fittest network:
'[[ 0.04122266 -0.0799933  -0.05503589 -0.31362283 -0.2852083 ]
 [ 0.0505919   0.0033319  -0.21219337  0.38405771  0.09330989]
 [-0.16737751 -0.07194506  0.29194854 -0.00327433  0.64032663]
 [-0.24243083 -0.42603533  0.66798903 -0.22633144 -0.42833385]
 [ 0.26936961 -0.11895188  0.34238955 -0.25802421 -0.32507055]
 [ 0.02759653  0.02663435 -0.02990556 -0.28721259 -0.0024662 ]
 [-0.6089441  -0.20729417 -0.23552239 -0.0303903  -0.06393258]
 [-0.08054702  0.04590843  0.50922851  0.19484973  0.15001335]
 [ 0.26420659 -0.55591926  0.25820932 -0.36185501  0.10728516]
 [ 0.06998884  0.57786266 -0.18936657 -0.59426098 -0.15624697]
 [-0.24880108 -0.21091864  0.46172599 -0.25540944  0.22191745]]|[[ 1.44387789 -1.1537998   1.53707271 -0.35124032  0.62896715  1.71634461
  -0.62297003  0.95037059  1.53190637 -0.07954658 -0.16124351]]'Generation 2 fittest network:
'[[ 0.04122266 -0.0799933  -0.05503589 -0.31362283 -0.2852083 ]
 [ 0.0505919   0.0033319  -0.21219337  0.38405771  0.09330989]
 [-0.16737751 -0.07194506  0.29194854 -0.00327433  0.64032663]
 [-0.24243083 -0.42603533  0.66798903 -0.22633144 -0.42833385]
 [ 0.26936961 -0.11895188  0.34238955 -0.25802421 -0.32507055]
 [ 0.02759653  0.02663435 -0.02990556 -0.28721259 -0.0024662 ]
 [-0.6089441  -0.20729417 -0.23552239 -0.0303903  -0.06393258]
 [-0.08054702  0.04590843  0.50922851  0.19484973  0.15001335]
 [ 0.26420659 -0.55591926  0.25820932 -0.36185501  0.10728516]
 [ 0.06998884  0.57786266 -0.18936657 -0.59426098 -0.15624697]
 [-0.24880108 -0.21091864  0.46172599 -0.25540944  0.22191745]]|[[ 1.44387789 -1.1537998   1.53707271 -0.35124032  0.62896715  1.71634461
  -0.62297003  0.95037059  1.53190637 -0.07954658 -0.16124351]]'Generation 3 fittest network:
'[[-0.41854382 -0.53975978 -0.51480238 -0.77338931 -1.04020369]
 [ 0.48849564  0.44123564  0.22571037  0.09218823  0.53121363]
 [ 0.30051891  0.39595136  0.07701257  0.46462209  0.0751828 ]
 [-0.24243083 -0.42603533  0.39751931 -0.22633144 -0.2402416 ]
 [-0.40771601  0.17054949  0.4880999  -0.5009397  -0.62770139]
 [-0.17116549  0.03959413 -0.22866759  0.02983182 -0.20122823]
 [ 0.49210864 -0.15279027 -0.07765308 -0.08044396  0.09393673]
 [ 0.25516063  0.38161607  0.40015321  0.53055737  0.13454061]
 [-0.35411671 -0.99648761 -0.88501918 -0.80242335 -0.33328318]
 [-1.05574297  0.04469456 -0.28230646 -0.14342535 -0.24918686]
 [-0.20845164  0.22909376  0.10905435  0.08126095  0.40934896]]|[[-1.22346928 -0.49380254  0.36445073 -0.35529307 -0.31793483 -1.29879008
  -1.64500343  0.99798496 -0.24801209 -0.27302816  0.14833545]]'Generation 4 fittest network:
'[[-0.42746784 -0.5486838  -0.52372639 -0.78231333 -0.7538988 ]
 [-0.79732841 -0.1298122  -0.50515467  0.08069161  0.09118228]
 [-0.03325643  0.35402004  0.71791364  0.8476679   1.06629173]
 [-1.06848316 -0.54810088  0.24802197 -0.64629849 -1.02440183]
 [ 0.39734612  0.60115685  0.47036606 -0.1300477   0.22813463]
 [-0.76706278 -0.33645038 -0.39299029 -0.65029731 -0.4036427 ]
 [ 0.20561869 -0.48684707  0.30517618 -0.36693392 -0.37219057]
 [ 0.78269214  0.32250519  0.30583637  0.43624054  0.39140416]
 [-0.17703949 -0.99716534 -0.18303677 -0.80310109 -0.33396092]
 [-0.1395023   0.36837151 -0.76299874 -0.80375213 -0.36573811]
 [ 0.36360673  0.50483118  0.38479177  1.03605537  0.68508639]]|[[-0.19676522 -2.27499517  0.56021083 -1.55548677  0.45975198  1.46989298
  -0.47866466  1.1482784   0.26976166 -0.54872667 -1.02816066]]'Generation 5 fittest network:
'[[-0.42746784 -0.5486838  -0.52372639 -0.78231333 -0.7538988 ]
 [-0.79732841 -0.1298122  -0.50515467  0.08069161  0.09118228]
 [-0.03325643  0.35402004  0.71791364  0.8476679   1.06629173]
 [-1.06848316 -0.54810088  0.24802197 -0.64629849 -1.02440183]
 [ 0.39734612  0.60115685  0.47036606 -0.1300477   0.22813463]
 [-0.76706278 -0.33645038 -0.39299029 -0.65029731 -0.4036427 ]
 [ 0.20561869 -0.48684707  0.30517618 -0.36693392 -0.37219057]
 [ 0.78269214  0.32250519  0.30583637  0.43624054  0.39140416]
 [-0.17703949 -0.99716534 -0.18303677 -0.80310109 -0.33396092]
 [-0.1395023   0.36837151 -0.76299874 -0.80375213 -0.36573811]
 [ 0.36360673  0.50483118  0.38479177  1.03605537  0.68508639]]|[[-0.19676522 -2.27499517  0.56021083 -1.55548677  0.45975198  1.46989298
  -0.47866466  1.1482784   0.26976166 -0.54872667 -1.02816066]]'Generation 6 fittest network:
'[[-0.42746784 -0.5486838  -0.52372639 -0.78231333 -0.7538988 ]
 [-0.79732841 -0.1298122  -0.50515467  0.08069161  0.09118228]
 [-0.03325643  0.35402004  0.71791364  0.8476679   1.06629173]
 [-1.06848316 -0.54810088  0.24802197 -0.64629849 -1.02440183]
 [ 0.39734612  0.60115685  0.47036606 -0.1300477   0.22813463]
 [-0.76706278 -0.33645038 -0.39299029 -0.65029731 -0.4036427 ]
 [ 0.20561869 -0.48684707  0.30517618 -0.36693392 -0.37219057]
 [ 0.78269214  0.32250519  0.30583637  0.43624054  0.39140416]
 [-0.17703949 -0.99716534 -0.18303677 -0.80310109 -0.33396092]
 [-0.1395023   0.36837151 -0.76299874 -0.80375213 -0.36573811]
 [ 0.36360673  0.50483118  0.38479177  1.03605537  0.68508639]]|[[-0.19676522 -2.27499517  0.56021083 -1.55548677  0.45975198  1.46989298
  -0.47866466  1.1482784   0.26976166 -0.54872667 -1.02816066]]'Generation 7 fittest network:
'[[-0.42746784 -0.5486838  -0.52372639 -0.78231333 -0.7538988 ]
 [-0.79732841 -0.1298122  -0.50515467  0.08069161  0.09118228]
 [-0.03325643  0.35402004  0.71791364  0.8476679   1.06629173]
 [-1.06848316 -0.54810088  0.24802197 -0.64629849 -1.02440183]
 [ 0.39734612  0.60115685  0.47036606 -0.1300477   0.22813463]
 [-0.76706278 -0.33645038 -0.39299029 -0.65029731 -0.4036427 ]
 [ 0.20561869 -0.48684707  0.30517618 -0.36693392 -0.37219057]
 [ 0.78269214  0.32250519  0.30583637  0.43624054  0.39140416]
 [-0.17703949 -0.99716534 -0.18303677 -0.80310109 -0.33396092]
 [-0.1395023   0.36837151 -0.76299874 -0.80375213 -0.36573811]
 [ 0.36360673  0.50483118  0.38479177  1.03605537  0.68508639]]|[[-0.19676522 -2.27499517  0.56021083 -1.55548677  0.45975198  1.46989298
  -0.47866466  1.1482784   0.26976166 -0.54872667 -1.02816066]]'Generation 8 fittest network:
'[[-0.42746784 -0.5486838  -0.52372639 -0.78231333 -0.7538988 ]
 [-0.79732841 -0.1298122  -0.50515467  0.08069161  0.09118228]
 [-0.03325643  0.35402004  0.71791364  0.8476679   1.06629173]
 [-1.06848316 -0.54810088  0.24802197 -0.64629849 -1.02440183]
 [ 0.39734612  0.60115685  0.47036606 -0.1300477   0.22813463]
 [-0.76706278 -0.33645038 -0.39299029 -0.65029731 -0.4036427 ]
 [ 0.20561869 -0.48684707  0.30517618 -0.36693392 -0.37219057]
 [ 0.78269214  0.32250519  0.30583637  0.43624054  0.39140416]
 [-0.17703949 -0.99716534 -0.18303677 -0.80310109 -0.33396092]
 [-0.1395023   0.36837151 -0.76299874 -0.80375213 -0.36573811]
 [ 0.36360673  0.50483118  0.38479177  1.03605537  0.68508639]]|[[-0.19676522 -2.27499517  0.56021083 -1.55548677  0.45975198  1.46989298
  -0.47866466  1.1482784   0.26976166 -0.54872667 -1.02816066]]'Generation 9 fittest network:
'[[-0.42746784 -0.5486838  -0.52372639 -0.78231333 -0.7538988 ]
 [-0.79732841 -0.1298122  -0.50515467  0.08069161  0.09118228]
 [-0.03325643  0.35402004  0.71791364  0.8476679   1.06629173]
 [-1.06848316 -0.54810088  0.24802197 -0.64629849 -1.02440183]
 [ 0.39734612  0.60115685  0.47036606 -0.1300477   0.22813463]
 [-0.76706278 -0.33645038 -0.39299029 -0.65029731 -0.4036427 ]
 [ 0.20561869 -0.48684707  0.30517618 -0.36693392 -0.37219057]
 [ 0.78269214  0.32250519  0.30583637  0.43624054  0.39140416]
 [-0.17703949 -0.99716534 -0.18303677 -0.80310109 -0.33396092]
 [-0.1395023   0.36837151 -0.76299874 -0.80375213 -0.36573811]
 [ 0.36360673  0.50483118  0.38479177  1.03605537  0.68508639]]|[[-0.19676522 -2.27499517  0.56021083 -1.55548677  0.45975198  1.46989298
  -0.47866466  1.1482784   0.26976166 -0.54872667 -1.02816066]]'Generation 10 fittest network:
'[[-0.42746784 -0.5486838  -0.52372639 -0.78231333 -0.7538988 ]
 [-0.79732841 -0.1298122  -0.50515467  0.08069161  0.09118228]
 [-0.03325643  0.35402004  0.71791364  0.8476679   1.06629173]
 [-1.06848316 -0.54810088  0.24802197 -0.64629849 -1.02440183]
 [ 0.39734612  0.60115685  0.47036606 -0.1300477   0.22813463]
 [-0.76706278 -0.33645038 -0.39299029 -0.65029731 -0.4036427 ]
 [ 0.20561869 -0.48684707  0.30517618 -0.36693392 -0.37219057]
 [ 0.78269214  0.32250519  0.30583637  0.43624054  0.39140416]
 [-0.17703949 -0.99716534 -0.18303677 -0.80310109 -0.33396092]
 [-0.1395023   0.36837151 -0.76299874 -0.80375213 -0.36573811]
 [ 0.36360673  0.50483118  0.38479177  1.03605537  0.68508639]]|[[-0.19676522 -2.27499517  0.56021083 -1.55548677  0.45975198  1.46989298
  -0.47866466  1.1482784   0.26976166 -0.54872667 -1.02816066]]'Generation 11 fittest network:
'[[-0.42746784 -0.5486838  -0.52372639 -0.78231333 -0.7538988 ]
 [-0.79732841 -0.1298122  -0.50515467  0.08069161  0.09118228]
 [-0.03325643  0.35402004  0.71791364  0.8476679   1.06629173]
 [-1.06848316 -0.54810088  0.24802197 -0.64629849 -1.02440183]
 [ 0.39734612  0.60115685  0.47036606 -0.1300477   0.22813463]
 [-0.76706278 -0.33645038 -0.39299029 -0.65029731 -0.4036427 ]
 [ 0.20561869 -0.48684707  0.30517618 -0.36693392 -0.37219057]
 [ 0.78269214  0.32250519  0.30583637  0.43624054  0.39140416]
 [-0.17703949 -0.99716534 -0.18303677 -0.80310109 -0.33396092]
 [-0.1395023   0.36837151 -0.76299874 -0.80375213 -0.36573811]
 [ 0.36360673  0.50483118  0.38479177  1.03605537  0.68508639]]|[[-0.19676522 -2.27499517  0.56021083 -1.55548677  0.45975198  1.46989298
  -0.47866466  1.1482784   0.26976166 -0.54872667 -1.02816066]]'Generation 12 fittest network:
'[[-0.42746784 -0.5486838  -0.52372639 -0.78231333 -0.7538988 ]
 [-0.79732841 -0.1298122  -0.50515467  0.08069161  0.09118228]
 [-0.03325643  0.35402004  0.71791364  0.8476679   1.06629173]
 [-1.06848316 -0.54810088  0.24802197 -0.64629849 -1.02440183]
 [ 0.39734612  0.60115685  0.47036606 -0.1300477   0.22813463]
 [-0.76706278 -0.33645038 -0.39299029 -0.65029731 -0.4036427 ]
 [ 0.20561869 -0.48684707  0.30517618 -0.36693392 -0.37219057]
 [ 0.78269214  0.32250519  0.30583637  0.43624054  0.39140416]
 [-0.17703949 -0.99716534 -0.18303677 -0.80310109 -0.33396092]
 [-0.1395023   0.36837151 -0.76299874 -0.80375213 -0.36573811]
 [ 0.36360673  0.50483118  0.38479177  1.03605537  0.68508639]]|[[-0.19676522 -2.27499517  0.56021083 -1.55548677  0.45975198  1.46989298
  -0.47866466  1.1482784   0.26976166 -0.54872667 -1.02816066]]'Generation 13 fittest network:
'[[-0.22849549 -0.0990669  -0.07410949 -0.33269642 -0.85747052]
 [-0.79732841 -0.11526831 -0.50515467  0.08069161  0.09118228]
 [-0.50275002 -0.11547354  0.24842005 -0.95661378  0.59679814]
 [-1.12426144 -0.54810088  0.24802197 -0.64629849 -1.02440183]
 [ 0.96481654  0.95023868  1.22639535  0.21903413  0.57721647]
 [-0.76706278 -0.33645038 -0.50969272 -0.65029731 -0.00560742]
 [ 0.86700941 -1.03938909  0.35202564 -0.32008446 -0.32534111]
 [ 0.49847183  0.24978136 -0.0187299   0.36351671  0.10718385]
 [-1.53036292 -0.46772121 -0.00247193 -0.57389712 -1.47583534]
 [ 0.74077145  0.75416774  0.11727502 -0.4179559   0.49859833]
 [ 0.03018336  1.35301872  0.13592984  0.78719344 -0.11163522]]|[[-0.37733133 -1.51592742  1.32243001 -0.49786337  0.48088486 -0.51391966
  -1.14678031  0.34833675  1.65194817  1.4816111   0.45329187]]'Generation 14 fittest network:
'[[-0.22849549 -0.0990669  -0.07410949 -0.33269642 -0.85747052]
 [-0.79732841 -0.11526831 -0.50515467  0.08069161  0.09118228]
 [-0.50275002 -0.11547354  0.24842005 -0.95661378  0.59679814]
 [-1.12426144 -0.54810088  0.24802197 -0.64629849 -1.02440183]
 [ 0.96481654  0.95023868  1.22639535  0.21903413  0.57721647]
 [-0.76706278 -0.33645038 -0.50969272 -0.65029731 -0.00560742]
 [ 0.86700941 -1.03938909  0.35202564 -0.32008446 -0.32534111]
 [ 0.49847183  0.24978136 -0.0187299   0.36351671  0.10718385]
 [-1.53036292 -0.46772121 -0.00247193 -0.57389712 -1.47583534]
 [ 0.74077145  0.75416774  0.11727502 -0.4179559   0.49859833]
 [ 0.03018336  1.35301872  0.13592984  0.78719344 -0.11163522]]|[[-0.37733133 -1.51592742  1.32243001 -0.49786337  0.48088486 -0.51391966
  -1.14678031  0.34833675  1.65194817  1.4816111   0.45329187]]'Generation 15 fittest network:
'[[-0.22849549 -0.0990669  -0.07410949 -0.33269642 -0.85747052]
 [-0.79732841 -0.11526831 -0.50515467  0.08069161  0.09118228]
 [-0.50275002 -0.11547354  0.24842005 -0.95661378  0.59679814]
 [-1.12426144 -0.54810088  0.24802197 -0.64629849 -1.02440183]
 [ 0.96481654  0.95023868  1.22639535  0.21903413  0.57721647]
 [-0.76706278 -0.33645038 -0.50969272 -0.65029731 -0.00560742]
 [ 0.86700941 -1.03938909  0.35202564 -0.32008446 -0.32534111]
 [ 0.49847183  0.24978136 -0.0187299   0.36351671  0.10718385]
 [-1.53036292 -0.46772121 -0.00247193 -0.57389712 -1.47583534]
 [ 0.74077145  0.75416774  0.11727502 -0.4179559   0.49859833]
 [ 0.03018336  1.35301872  0.13592984  0.78719344 -0.11163522]]|[[-0.37733133 -1.51592742  1.32243001 -0.49786337  0.48088486 -0.51391966
  -1.14678031  0.34833675  1.65194817  1.4816111   0.45329187]]'Generation 16 fittest network:
'[[-0.22849549 -0.0990669  -0.07410949 -0.33269642 -0.85747052]
 [-0.79732841 -0.11526831 -0.50515467  0.08069161  0.09118228]
 [-0.50275002 -0.11547354  0.24842005 -0.95661378  0.59679814]
 [-1.12426144 -0.54810088  0.24802197 -0.64629849 -1.02440183]
 [ 0.96481654  0.95023868  1.22639535  0.21903413  0.57721647]
 [-0.76706278 -0.33645038 -0.50969272 -0.65029731 -0.00560742]
 [ 0.86700941 -1.03938909  0.35202564 -0.32008446 -0.32534111]
 [ 0.49847183  0.24978136 -0.0187299   0.36351671  0.10718385]
 [-1.53036292 -0.46772121 -0.00247193 -0.57389712 -1.47583534]
 [ 0.74077145  0.75416774  0.11727502 -0.4179559   0.49859833]
 [ 0.03018336  1.35301872  0.13592984  0.78719344 -0.11163522]]|[[-0.37733133 -1.51592742  1.32243001 -0.49786337  0.48088486 -0.51391966
  -1.14678031  0.34833675  1.65194817  1.4816111   0.45329187]]'Generation 17 fittest network:
'[[-0.22849549 -0.0990669  -0.07410949 -0.33269642 -0.85747052]
 [-0.79732841 -0.11526831 -0.50515467  0.08069161  0.09118228]
 [-0.50275002 -0.11547354  0.24842005 -0.95661378  0.59679814]
 [-1.12426144 -0.54810088  0.24802197 -0.64629849 -1.02440183]
 [ 0.96481654  0.95023868  1.22639535  0.21903413  0.57721647]
 [-0.76706278 -0.33645038 -0.50969272 -0.65029731 -0.00560742]
 [ 0.86700941 -1.03938909  0.35202564 -0.32008446 -0.32534111]
 [ 0.49847183  0.24978136 -0.0187299   0.36351671  0.10718385]
 [-1.53036292 -0.46772121 -0.00247193 -0.57389712 -1.47583534]
 [ 0.74077145  0.75416774  0.11727502 -0.4179559   0.49859833]
 [ 0.03018336  1.35301872  0.13592984  0.78719344 -0.11163522]]|[[-0.37733133 -1.51592742  1.32243001 -0.49786337  0.48088486 -0.51391966
  -1.14678031  0.34833675  1.65194817  1.4816111   0.45329187]]'Generation 18 fittest network:
'[[-0.22849549 -0.0990669  -0.07410949 -0.33269642 -0.85747052]
 [-0.79732841 -0.11526831 -0.50515467  0.08069161  0.09118228]
 [-0.50275002 -0.11547354  0.24842005 -0.95661378  0.59679814]
 [-1.12426144 -0.54810088  0.24802197 -0.64629849 -1.02440183]
 [ 0.96481654  0.95023868  1.22639535  0.21903413  0.57721647]
 [-0.76706278 -0.33645038 -0.50969272 -0.65029731 -0.00560742]
 [ 0.86700941 -1.03938909  0.35202564 -0.32008446 -0.32534111]
 [ 0.49847183  0.24978136 -0.0187299   0.36351671  0.10718385]
 [-1.53036292 -0.46772121 -0.00247193 -0.57389712 -1.47583534]
 [ 0.74077145  0.75416774  0.11727502 -0.4179559   0.49859833]
 [ 0.03018336  1.35301872  0.13592984  0.78719344 -0.11163522]]|[[-0.37733133 -1.51592742  1.32243001 -0.49786337  0.48088486 -0.51391966
  -1.14678031  0.34833675  1.65194817  1.4816111   0.45329187]]'Generation 19 fittest network:
'[[-0.22849549 -0.0990669  -0.07410949 -0.33269642 -0.85747052]
 [-0.79732841 -0.11526831 -0.50515467  0.08069161  0.09118228]
 [-0.50275002 -0.11547354  0.24842005 -0.95661378  0.59679814]
 [-1.12426144 -0.54810088  0.24802197 -0.64629849 -1.02440183]
 [ 0.96481654  0.95023868  1.22639535  0.21903413  0.57721647]
 [-0.76706278 -0.33645038 -0.50969272 -0.65029731 -0.00560742]
 [ 0.86700941 -1.03938909  0.35202564 -0.32008446 -0.32534111]
 [ 0.49847183  0.24978136 -0.0187299   0.36351671  0.10718385]
 [-1.53036292 -0.46772121 -0.00247193 -0.57389712 -1.47583534]
 [ 0.74077145  0.75416774  0.11727502 -0.4179559   0.49859833]
 [ 0.03018336  1.35301872  0.13592984  0.78719344 -0.11163522]]|[[-0.37733133 -1.51592742  1.32243001 -0.49786337  0.48088486 -0.51391966
  -1.14678031  0.34833675  1.65194817  1.4816111   0.45329187]]'Generation 20 fittest network:
'[[-0.22849549 -0.0990669  -0.07410949 -0.33269642 -0.85747052]
 [-0.79732841 -0.11526831 -0.50515467  0.08069161  0.09118228]
 [-0.50275002 -0.11547354  0.24842005 -0.95661378  0.59679814]
 [-1.12426144 -0.54810088  0.24802197 -0.64629849 -1.02440183]
 [ 0.96481654  0.95023868  1.22639535  0.21903413  0.57721647]
 [-0.76706278 -0.33645038 -0.50969272 -0.65029731 -0.00560742]
 [ 0.86700941 -1.03938909  0.35202564 -0.32008446 -0.32534111]
 [ 0.49847183  0.24978136 -0.0187299   0.36351671  0.10718385]
 [-1.53036292 -0.46772121 -0.00247193 -0.57389712 -1.47583534]
 [ 0.74077145  0.75416774  0.11727502 -0.4179559   0.49859833]
 [ 0.03018336  1.35301872  0.13592984  0.78719344 -0.11163522]]|[[-0.37733133 -1.51592742  1.32243001 -0.49786337  0.48088486 -0.51391966
  -1.14678031  0.34833675  1.65194817  1.4816111   0.45329187]]'Generation 21 fittest network:
'[[-0.22849549 -0.0990669  -0.07410949 -0.33269642 -0.85747052]
 [-0.79732841 -0.11526831 -0.50515467  0.08069161  0.09118228]
 [-0.50275002 -0.11547354  0.24842005 -0.95661378  0.59679814]
 [-1.12426144 -0.54810088  0.24802197 -0.64629849 -1.02440183]
 [ 0.96481654  0.95023868  1.22639535  0.21903413  0.57721647]
 [-0.76706278 -0.33645038 -0.50969272 -0.65029731 -0.00560742]
 [ 0.86700941 -1.03938909  0.35202564 -0.32008446 -0.32534111]
 [ 0.49847183  0.24978136 -0.0187299   0.36351671  0.10718385]
 [-1.53036292 -0.46772121 -0.00247193 -0.57389712 -1.47583534]
 [ 0.74077145  0.75416774  0.11727502 -0.4179559   0.49859833]
 [ 0.03018336  1.35301872  0.13592984  0.78719344 -0.11163522]]|[[-0.37733133 -1.51592742  1.32243001 -0.49786337  0.48088486 -0.51391966
  -1.14678031  0.34833675  1.65194817  1.4816111   0.45329187]]'Generation 22 fittest network:
'[[-0.22849549 -0.0990669  -0.07410949 -0.33269642 -0.85747052]
 [-0.79732841 -0.11526831 -0.50515467  0.08069161  0.09118228]
 [-0.50275002 -0.11547354  0.24842005 -0.95661378  0.59679814]
 [-1.12426144 -0.54810088  0.24802197 -0.64629849 -1.02440183]
 [ 0.96481654  0.95023868  1.22639535  0.21903413  0.57721647]
 [-0.76706278 -0.33645038 -0.50969272 -0.65029731 -0.00560742]
 [ 0.86700941 -1.03938909  0.35202564 -0.32008446 -0.32534111]
 [ 0.49847183  0.24978136 -0.0187299   0.36351671  0.10718385]
 [-1.53036292 -0.46772121 -0.00247193 -0.57389712 -1.47583534]
 [ 0.74077145  0.75416774  0.11727502 -0.4179559   0.49859833]
 [ 0.03018336  1.35301872  0.13592984  0.78719344 -0.11163522]]|[[-0.37733133 -1.51592742  1.32243001 -0.49786337  0.48088486 -0.51391966
  -1.14678031  0.34833675  1.65194817  1.4816111   0.45329187]]'Generation 23 fittest network:
'[[-0.64237584 -0.2954285   0.08034056 -0.44969852 -0.20117217]
 [-0.98539786 -0.30333776 -1.34832701 -0.76248072 -0.09688718]
 [-1.41786191 -0.4718808   0.50733337 -1.02323743  0.10452696]
 [-0.10516559 -0.1874352   1.75380909  1.45511591 -0.66373615]
 [ 0.19142604  1.61223224  1.04497791  1.20196917  1.23921002]
 [-0.84414481 -0.02482211 -0.8358027  -0.97640728 -0.93936181]
 [ 1.14701609 -0.82590623  1.26282113 -0.04007778  0.01153938]
 [ 0.99353707  0.39777372  0.30156732  0.85858195 -0.14209298]
 [-0.89535636  0.46842862  0.32191753  0.38892966 -0.80639996]
 [ 0.90596857  1.42985748  0.79296476  0.25773384  1.13285631]
 [-0.70918654  0.88967516 -0.3649147  -0.24353922 -0.82693511]]|[[ 0.22778931 -1.69819659  0.07486298  0.06867496 -0.00180039 -0.90509286
  -0.65574055 -0.05509861 -0.89448414  1.13156555 -0.63445937]]'Generation 24 fittest network:
'[[-0.64237584 -0.2954285   0.08034056 -0.44969852 -0.20117217]
 [-0.98539786 -0.30333776 -1.34832701 -0.76248072 -0.09688718]
 [-1.41786191 -0.4718808   0.50733337 -1.02323743  0.10452696]
 [-0.10516559 -0.1874352   1.75380909  1.45511591 -0.66373615]
 [ 0.19142604  1.61223224  1.04497791  1.20196917  1.23921002]
 [-0.84414481 -0.02482211 -0.8358027  -0.97640728 -0.93936181]
 [ 1.14701609 -0.82590623  1.26282113 -0.04007778  0.01153938]
 [ 0.99353707  0.39777372  0.30156732  0.85858195 -0.14209298]
 [-0.89535636  0.46842862  0.32191753  0.38892966 -0.80639996]
 [ 0.90596857  1.42985748  0.79296476  0.25773384  1.13285631]
 [-0.70918654  0.88967516 -0.3649147  -0.24353922 -0.82693511]]|[[ 0.22778931 -1.69819659  0.07486298  0.06867496 -0.00180039 -0.90509286
  -0.65574055 -0.05509861 -0.89448414  1.13156555 -0.63445937]]'Generation 25 fittest network:
'[[-0.64237584 -0.2954285   0.08034056 -0.44969852 -0.20117217]
 [-0.98539786 -0.30333776 -1.34832701 -0.76248072 -0.09688718]
 [-1.41786191 -0.4718808   0.50733337 -1.02323743  0.10452696]
 [-0.10516559 -0.1874352   1.75380909  1.45511591 -0.66373615]
 [ 0.19142604  1.61223224  1.04497791  1.20196917  1.23921002]
 [-0.84414481 -0.02482211 -0.8358027  -0.97640728 -0.93936181]
 [ 1.14701609 -0.82590623  1.26282113 -0.04007778  0.01153938]
 [ 0.99353707  0.39777372  0.30156732  0.85858195 -0.14209298]
 [-0.89535636  0.46842862  0.32191753  0.38892966 -0.80639996]
 [ 0.90596857  1.42985748  0.79296476  0.25773384  1.13285631]
 [-0.70918654  0.88967516 -0.3649147  -0.24353922 -0.82693511]]|[[ 0.22778931 -1.69819659  0.07486298  0.06867496 -0.00180039 -0.90509286
  -0.65574055 -0.05509861 -0.89448414  1.13156555 -0.63445937]]'Generation 26 fittest network:
'[[-0.64237584 -0.2954285   0.08034056 -0.44969852 -0.20117217]
 [-0.98539786 -0.30333776 -1.34832701 -0.76248072 -0.09688718]
 [-1.41786191 -0.4718808   0.50733337 -1.02323743  0.10452696]
 [-0.10516559 -0.1874352   1.75380909  1.45511591 -0.66373615]
 [ 0.19142604  1.61223224  1.04497791  1.20196917  1.23921002]
 [-0.84414481 -0.02482211 -0.8358027  -0.97640728 -0.93936181]
 [ 1.14701609 -0.82590623  1.26282113 -0.04007778  0.01153938]
 [ 0.99353707  0.39777372  0.30156732  0.85858195 -0.14209298]
 [-0.89535636  0.46842862  0.32191753  0.38892966 -0.80639996]
 [ 0.90596857  1.42985748  0.79296476  0.25773384  1.13285631]
 [-0.70918654  0.88967516 -0.3649147  -0.24353922 -0.82693511]]|[[ 0.22778931 -1.69819659  0.07486298  0.06867496 -0.00180039 -0.90509286
  -0.65574055 -0.05509861 -0.89448414  1.13156555 -0.63445937]]'Generation 27 fittest network:
'[[-0.64237584 -0.2954285   0.08034056 -0.44969852 -0.20117217]
 [-0.98539786 -0.30333776 -1.34832701 -0.76248072 -0.09688718]
 [-1.41786191 -0.4718808   0.50733337 -1.02323743  0.10452696]
 [-0.10516559 -0.1874352   1.75380909  1.45511591 -0.66373615]
 [ 0.19142604  1.61223224  1.04497791  1.20196917  1.23921002]
 [-0.84414481 -0.02482211 -0.8358027  -0.97640728 -0.93936181]
 [ 1.14701609 -0.82590623  1.26282113 -0.04007778  0.01153938]
 [ 0.99353707  0.39777372  0.30156732  0.85858195 -0.14209298]
 [-0.89535636  0.46842862  0.32191753  0.38892966 -0.80639996]
 [ 0.90596857  1.42985748  0.79296476  0.25773384  1.13285631]
 [-0.70918654  0.88967516 -0.3649147  -0.24353922 -0.82693511]]|[[ 0.22778931 -1.69819659  0.07486298  0.06867496 -0.00180039 -0.90509286
  -0.65574055 -0.05509861 -0.89448414  1.13156555 -0.63445937]]'Generation 28 fittest network:
'[[-0.64237584 -0.2954285   0.08034056 -0.44969852 -0.20117217]
 [-0.98539786 -0.30333776 -1.34832701 -0.76248072 -0.09688718]
 [-1.41786191 -0.4718808   0.50733337 -1.02323743  0.10452696]
 [-0.10516559 -0.1874352   1.75380909  1.45511591 -0.66373615]
 [ 0.19142604  1.61223224  1.04497791  1.20196917  1.23921002]
 [-0.84414481 -0.02482211 -0.8358027  -0.97640728 -0.93936181]
 [ 1.14701609 -0.82590623  1.26282113 -0.04007778  0.01153938]
 [ 0.99353707  0.39777372  0.30156732  0.85858195 -0.14209298]
 [-0.89535636  0.46842862  0.32191753  0.38892966 -0.80639996]
 [ 0.90596857  1.42985748  0.79296476  0.25773384  1.13285631]
 [-0.70918654  0.88967516 -0.3649147  -0.24353922 -0.82693511]]|[[ 0.22778931 -1.69819659  0.07486298  0.06867496 -0.00180039 -0.90509286
  -0.65574055 -0.05509861 -0.89448414  1.13156555 -0.63445937]]'Generation 29 fittest network:
'[[-0.64237584 -0.2954285   0.08034056 -0.44969852 -0.20117217]
 [-0.98539786 -0.30333776 -1.34832701 -0.76248072 -0.09688718]
 [-1.41786191 -0.4718808   0.50733337 -1.02323743  0.10452696]
 [-0.10516559 -0.1874352   1.75380909  1.45511591 -0.66373615]
 [ 0.19142604  1.61223224  1.04497791  1.20196917  1.23921002]
 [-0.84414481 -0.02482211 -0.8358027  -0.97640728 -0.93936181]
 [ 1.14701609 -0.82590623  1.26282113 -0.04007778  0.01153938]
 [ 0.99353707  0.39777372  0.30156732  0.85858195 -0.14209298]
 [-0.89535636  0.46842862  0.32191753  0.38892966 -0.80639996]
 [ 0.90596857  1.42985748  0.79296476  0.25773384  1.13285631]
 [-0.70918654  0.88967516 -0.3649147  -0.24353922 -0.82693511]]|[[ 0.22778931 -1.69819659  0.07486298  0.06867496 -0.00180039 -0.90509286
  -0.65574055 -0.05509861 -0.89448414  1.13156555 -0.63445937]]'Generation 30 fittest network:
'[[-0.64237584 -0.2954285   0.08034056 -0.44969852 -0.20117217]
 [-0.98539786 -0.30333776 -1.34832701 -0.76248072 -0.09688718]
 [-1.41786191 -0.4718808   0.50733337 -1.02323743  0.10452696]
 [-0.10516559 -0.1874352   1.75380909  1.45511591 -0.66373615]
 [ 0.19142604  1.61223224  1.04497791  1.20196917  1.23921002]
 [-0.84414481 -0.02482211 -0.8358027  -0.97640728 -0.93936181]
 [ 1.14701609 -0.82590623  1.26282113 -0.04007778  0.01153938]
 [ 0.99353707  0.39777372  0.30156732  0.85858195 -0.14209298]
 [-0.89535636  0.46842862  0.32191753  0.38892966 -0.80639996]
 [ 0.90596857  1.42985748  0.79296476  0.25773384  1.13285631]
 [-0.70918654  0.88967516 -0.3649147  -0.24353922 -0.82693511]]|[[ 0.22778931 -1.69819659  0.07486298  0.06867496 -0.00180039 -0.90509286
  -0.65574055 -0.05509861 -0.89448414  1.13156555 -0.63445937]]'Generation 31 fittest network:
'[[-0.64237584 -0.2954285   0.08034056 -0.44969852 -0.20117217]
 [-0.98539786 -0.30333776 -1.34832701 -0.76248072 -0.09688718]
 [-1.41786191 -0.4718808   0.50733337 -1.02323743  0.10452696]
 [-0.10516559 -0.1874352   1.75380909  1.45511591 -0.66373615]
 [ 0.19142604  1.61223224  1.04497791  1.20196917  1.23921002]
 [-0.84414481 -0.02482211 -0.8358027  -0.97640728 -0.93936181]
 [ 1.14701609 -0.82590623  1.26282113 -0.04007778  0.01153938]
 [ 0.99353707  0.39777372  0.30156732  0.85858195 -0.14209298]
 [-0.89535636  0.46842862  0.32191753  0.38892966 -0.80639996]
 [ 0.90596857  1.42985748  0.79296476  0.25773384  1.13285631]
 [-0.70918654  0.88967516 -0.3649147  -0.24353922 -0.82693511]]|[[ 0.22778931 -1.69819659  0.07486298  0.06867496 -0.00180039 -0.90509286
  -0.65574055 -0.05509861 -0.89448414  1.13156555 -0.63445937]]'Generation 32 fittest network:
'[[-0.64237584 -0.2954285   0.08034056 -0.44969852 -0.20117217]
 [-0.98539786 -0.30333776 -1.34832701 -0.76248072 -0.09688718]
 [-1.41786191 -0.4718808   0.50733337 -1.02323743  0.10452696]
 [-0.10516559 -0.1874352   1.75380909  1.45511591 -0.66373615]
 [ 0.19142604  1.61223224  1.04497791  1.20196917  1.23921002]
 [-0.84414481 -0.02482211 -0.8358027  -0.97640728 -0.93936181]
 [ 1.14701609 -0.82590623  1.26282113 -0.04007778  0.01153938]
 [ 0.99353707  0.39777372  0.30156732  0.85858195 -0.14209298]
 [-0.89535636  0.46842862  0.32191753  0.38892966 -0.80639996]
 [ 0.90596857  1.42985748  0.79296476  0.25773384  1.13285631]
 [-0.70918654  0.88967516 -0.3649147  -0.24353922 -0.82693511]]|[[ 0.22778931 -1.69819659  0.07486298  0.06867496 -0.00180039 -0.90509286
  -0.65574055 -0.05509861 -0.89448414  1.13156555 -0.63445937]]'Generation 33 fittest network:
'[[-0.64237584 -0.2954285   0.08034056 -0.44969852 -0.20117217]
 [-0.98539786 -0.30333776 -1.34832701 -0.76248072 -0.09688718]
 [-1.41786191 -0.4718808   0.50733337 -1.02323743  0.10452696]
 [-0.10516559 -0.1874352   1.75380909  1.45511591 -0.66373615]
 [ 0.19142604  1.61223224  1.04497791  1.20196917  1.23921002]
 [-0.84414481 -0.02482211 -0.8358027  -0.97640728 -0.93936181]
 [ 1.14701609 -0.82590623  1.26282113 -0.04007778  0.01153938]
 [ 0.99353707  0.39777372  0.30156732  0.85858195 -0.14209298]
 [-0.89535636  0.46842862  0.32191753  0.38892966 -0.80639996]
 [ 0.90596857  1.42985748  0.79296476  0.25773384  1.13285631]
 [-0.70918654  0.88967516 -0.3649147  -0.24353922 -0.82693511]]|[[ 0.22778931 -1.69819659  0.07486298  0.06867496 -0.00180039 -0.90509286
  -0.65574055 -0.05509861 -0.89448414  1.13156555 -0.63445937]]'Generation 34 fittest network:
'[[-0.64237584 -0.2954285   0.08034056 -0.44969852 -0.20117217]
 [-0.98539786 -0.30333776 -1.34832701 -0.76248072 -0.09688718]
 [-1.41786191 -0.4718808   0.50733337 -1.02323743  0.10452696]
 [-0.10516559 -0.1874352   1.75380909  1.45511591 -0.66373615]
 [ 0.19142604  1.61223224  1.04497791  1.20196917  1.23921002]
 [-0.84414481 -0.02482211 -0.8358027  -0.97640728 -0.93936181]
 [ 1.14701609 -0.82590623  1.26282113 -0.04007778  0.01153938]
 [ 0.99353707  0.39777372  0.30156732  0.85858195 -0.14209298]
 [-0.89535636  0.46842862  0.32191753  0.38892966 -0.80639996]
 [ 0.90596857  1.42985748  0.79296476  0.25773384  1.13285631]
 [-0.70918654  0.88967516 -0.3649147  -0.24353922 -0.82693511]]|[[ 0.22778931 -1.69819659  0.07486298  0.06867496 -0.00180039 -0.90509286
  -0.65574055 -0.05509861 -0.89448414  1.13156555 -0.63445937]]'Generation 35 fittest network:
'[[-0.64237584 -0.2954285   0.08034056 -0.44969852 -0.20117217]
 [-0.98539786 -0.30333776 -1.34832701 -0.76248072 -0.09688718]
 [-1.41786191 -0.4718808   0.50733337 -1.02323743  0.10452696]
 [-0.10516559 -0.1874352   1.75380909  1.45511591 -0.66373615]
 [ 0.19142604  1.61223224  1.04497791  1.20196917  1.23921002]
 [-0.84414481 -0.02482211 -0.8358027  -0.97640728 -0.93936181]
 [ 1.14701609 -0.82590623  1.26282113 -0.04007778  0.01153938]
 [ 0.99353707  0.39777372  0.30156732  0.85858195 -0.14209298]
 [-0.89535636  0.46842862  0.32191753  0.38892966 -0.80639996]
 [ 0.90596857  1.42985748  0.79296476  0.25773384  1.13285631]
 [-0.70918654  0.88967516 -0.3649147  -0.24353922 -0.82693511]]|[[ 0.22778931 -1.69819659  0.07486298  0.06867496 -0.00180039 -0.90509286
  -0.65574055 -0.05509861 -0.89448414  1.13156555 -0.63445937]]'Generation 36 fittest network:
'[[-0.64237584 -0.2954285   0.08034056 -0.44969852 -0.20117217]
 [-0.98539786 -0.30333776 -1.34832701 -0.76248072 -0.09688718]
 [-1.41786191 -0.4718808   0.50733337 -1.02323743  0.10452696]
 [-0.10516559 -0.1874352   1.75380909  1.45511591 -0.66373615]
 [ 0.19142604  1.61223224  1.04497791  1.20196917  1.23921002]
 [-0.84414481 -0.02482211 -0.8358027  -0.97640728 -0.93936181]
 [ 1.14701609 -0.82590623  1.26282113 -0.04007778  0.01153938]
 [ 0.99353707  0.39777372  0.30156732  0.85858195 -0.14209298]
 [-0.89535636  0.46842862  0.32191753  0.38892966 -0.80639996]
 [ 0.90596857  1.42985748  0.79296476  0.25773384  1.13285631]
 [-0.70918654  0.88967516 -0.3649147  -0.24353922 -0.82693511]]|[[ 0.22778931 -1.69819659  0.07486298  0.06867496 -0.00180039 -0.90509286
  -0.65574055 -0.05509861 -0.89448414  1.13156555 -0.63445937]]'Generation 37 fittest network:
'[[-0.64237584 -0.2954285   0.08034056 -0.44969852 -0.20117217]
 [-0.98539786 -0.30333776 -1.34832701 -0.76248072 -0.09688718]
 [-1.41786191 -0.4718808   0.50733337 -1.02323743  0.10452696]
 [-0.10516559 -0.1874352   1.75380909  1.45511591 -0.66373615]
 [ 0.19142604  1.61223224  1.04497791  1.20196917  1.23921002]
 [-0.84414481 -0.02482211 -0.8358027  -0.97640728 -0.93936181]
 [ 1.14701609 -0.82590623  1.26282113 -0.04007778  0.01153938]
 [ 0.99353707  0.39777372  0.30156732  0.85858195 -0.14209298]
 [-0.89535636  0.46842862  0.32191753  0.38892966 -0.80639996]
 [ 0.90596857  1.42985748  0.79296476  0.25773384  1.13285631]
 [-0.70918654  0.88967516 -0.3649147  -0.24353922 -0.82693511]]|[[ 0.22778931 -1.69819659  0.07486298  0.06867496 -0.00180039 -0.90509286
  -0.65574055 -0.05509861 -0.89448414  1.13156555 -0.63445937]]'Generation 38 fittest network:
'[[-0.64237584 -0.2954285   0.08034056 -0.44969852 -0.20117217]
 [-0.98539786 -0.30333776 -1.34832701 -0.76248072 -0.09688718]
 [-1.41786191 -0.4718808   0.50733337 -1.02323743  0.10452696]
 [-0.10516559 -0.1874352   1.75380909  1.45511591 -0.66373615]
 [ 0.19142604  1.61223224  1.04497791  1.20196917  1.23921002]
 [-0.84414481 -0.02482211 -0.8358027  -0.97640728 -0.93936181]
 [ 1.14701609 -0.82590623  1.26282113 -0.04007778  0.01153938]
 [ 0.99353707  0.39777372  0.30156732  0.85858195 -0.14209298]
 [-0.89535636  0.46842862  0.32191753  0.38892966 -0.80639996]
 [ 0.90596857  1.42985748  0.79296476  0.25773384  1.13285631]
 [-0.70918654  0.88967516 -0.3649147  -0.24353922 -0.82693511]]|[[ 0.22778931 -1.69819659  0.07486298  0.06867496 -0.00180039 -0.90509286
  -0.65574055 -0.05509861 -0.89448414  1.13156555 -0.63445937]]'Generation 39 fittest network:
'[[-0.64237584 -0.2954285   0.08034056 -0.44969852 -0.20117217]
 [-0.98539786 -0.30333776 -1.34832701 -0.76248072 -0.09688718]
 [-1.41786191 -0.4718808   0.50733337 -1.02323743  0.10452696]
 [-0.10516559 -0.1874352   1.75380909  1.45511591 -0.66373615]
 [ 0.19142604  1.61223224  1.04497791  1.20196917  1.23921002]
 [-0.84414481 -0.02482211 -0.8358027  -0.97640728 -0.93936181]
 [ 1.14701609 -0.82590623  1.26282113 -0.04007778  0.01153938]
 [ 0.99353707  0.39777372  0.30156732  0.85858195 -0.14209298]
 [-0.89535636  0.46842862  0.32191753  0.38892966 -0.80639996]
 [ 0.90596857  1.42985748  0.79296476  0.25773384  1.13285631]
 [-0.70918654  0.88967516 -0.3649147  -0.24353922 -0.82693511]]|[[ 0.22778931 -1.69819659  0.07486298  0.06867496 -0.00180039 -0.90509286
  -0.65574055 -0.05509861 -0.89448414  1.13156555 -0.63445937]]'Generation 40 fittest network:
'[[-0.64237584 -0.2954285   0.08034056 -0.44969852 -0.20117217]
 [-0.98539786 -0.30333776 -1.34832701 -0.76248072 -0.09688718]
 [-1.41786191 -0.4718808   0.50733337 -1.02323743  0.10452696]
 [-0.10516559 -0.1874352   1.75380909  1.45511591 -0.66373615]
 [ 0.19142604  1.61223224  1.04497791  1.20196917  1.23921002]
 [-0.84414481 -0.02482211 -0.8358027  -0.97640728 -0.93936181]
 [ 1.14701609 -0.82590623  1.26282113 -0.04007778  0.01153938]
 [ 0.99353707  0.39777372  0.30156732  0.85858195 -0.14209298]
 [-0.89535636  0.46842862  0.32191753  0.38892966 -0.80639996]
 [ 0.90596857  1.42985748  0.79296476  0.25773384  1.13285631]
 [-0.70918654  0.88967516 -0.3649147  -0.24353922 -0.82693511]]|[[ 0.22778931 -1.69819659  0.07486298  0.06867496 -0.00180039 -0.90509286
  -0.65574055 -0.05509861 -0.89448414  1.13156555 -0.63445937]]'Generation 41 fittest network:
'[[-0.64237584 -0.2954285   0.08034056 -0.44969852 -0.20117217]
 [-0.98539786 -0.30333776 -1.34832701 -0.76248072 -0.09688718]
 [-1.41786191 -0.4718808   0.50733337 -1.02323743  0.10452696]
 [-0.10516559 -0.1874352   1.75380909  1.45511591 -0.66373615]
 [ 0.19142604  1.61223224  1.04497791  1.20196917  1.23921002]
 [-0.84414481 -0.02482211 -0.8358027  -0.97640728 -0.93936181]
 [ 1.14701609 -0.82590623  1.26282113 -0.04007778  0.01153938]
 [ 0.99353707  0.39777372  0.30156732  0.85858195 -0.14209298]
 [-0.89535636  0.46842862  0.32191753  0.38892966 -0.80639996]
 [ 0.90596857  1.42985748  0.79296476  0.25773384  1.13285631]
 [-0.70918654  0.88967516 -0.3649147  -0.24353922 -0.82693511]]|[[ 0.22778931 -1.69819659  0.07486298  0.06867496 -0.00180039 -0.90509286
  -0.65574055 -0.05509861 -0.89448414  1.13156555 -0.63445937]]'Generation 42 fittest network:
'[[-0.64237584 -0.2954285   0.08034056 -0.44969852 -0.20117217]
 [-0.98539786 -0.30333776 -1.34832701 -0.76248072 -0.09688718]
 [-1.41786191 -0.4718808   0.50733337 -1.02323743  0.10452696]
 [-0.10516559 -0.1874352   1.75380909  1.45511591 -0.66373615]
 [ 0.19142604  1.61223224  1.04497791  1.20196917  1.23921002]
 [-0.84414481 -0.02482211 -0.8358027  -0.97640728 -0.93936181]
 [ 1.14701609 -0.82590623  1.26282113 -0.04007778  0.01153938]
 [ 0.99353707  0.39777372  0.30156732  0.85858195 -0.14209298]
 [-0.89535636  0.46842862  0.32191753  0.38892966 -0.80639996]
 [ 0.90596857  1.42985748  0.79296476  0.25773384  1.13285631]
 [-0.70918654  0.88967516 -0.3649147  -0.24353922 -0.82693511]]|[[ 0.22778931 -1.69819659  0.07486298  0.06867496 -0.00180039 -0.90509286
  -0.65574055 -0.05509861 -0.89448414  1.13156555 -0.63445937]]'Generation 43 fittest network:
'[[-0.64237584 -0.2954285   0.08034056 -0.44969852 -0.20117217]
 [-0.98539786 -0.30333776 -1.34832701 -0.76248072 -0.09688718]
 [-1.41786191 -0.4718808   0.50733337 -1.02323743  0.10452696]
 [-0.10516559 -0.1874352   1.75380909  1.45511591 -0.66373615]
 [ 0.19142604  1.61223224  1.04497791  1.20196917  1.23921002]
 [-0.84414481 -0.02482211 -0.8358027  -0.97640728 -0.93936181]
 [ 1.14701609 -0.82590623  1.26282113 -0.04007778  0.01153938]
 [ 0.99353707  0.39777372  0.30156732  0.85858195 -0.14209298]
 [-0.89535636  0.46842862  0.32191753  0.38892966 -0.80639996]
 [ 0.90596857  1.42985748  0.79296476  0.25773384  1.13285631]
 [-0.70918654  0.88967516 -0.3649147  -0.24353922 -0.82693511]]|[[ 0.22778931 -1.69819659  0.07486298  0.06867496 -0.00180039 -0.90509286
  -0.65574055 -0.05509861 -0.89448414  1.13156555 -0.63445937]]'Generation 44 fittest network:
'[[-0.64237584 -0.2954285   0.08034056 -0.44969852 -0.20117217]
 [-0.98539786 -0.30333776 -1.34832701 -0.76248072 -0.09688718]
 [-1.41786191 -0.4718808   0.50733337 -1.02323743  0.10452696]
 [-0.10516559 -0.1874352   1.75380909  1.45511591 -0.66373615]
 [ 0.19142604  1.61223224  1.04497791  1.20196917  1.23921002]
 [-0.84414481 -0.02482211 -0.8358027  -0.97640728 -0.93936181]
 [ 1.14701609 -0.82590623  1.26282113 -0.04007778  0.01153938]
 [ 0.99353707  0.39777372  0.30156732  0.85858195 -0.14209298]
 [-0.89535636  0.46842862  0.32191753  0.38892966 -0.80639996]
 [ 0.90596857  1.42985748  0.79296476  0.25773384  1.13285631]
 [-0.70918654  0.88967516 -0.3649147  -0.24353922 -0.82693511]]|[[ 0.22778931 -1.69819659  0.07486298  0.06867496 -0.00180039 -0.90509286
  -0.65574055 -0.05509861 -0.89448414  1.13156555 -0.63445937]]'Generation 45 fittest network:
'[[-6.74299148e-01 -3.27351811e-01  2.86500895e-01 -2.43538181e-01
  -4.59225113e-01]
 [-1.59084879e+00 -6.81989814e-02 -1.08710642e+00 -9.99517334e-01
  -7.02338105e-01]
 [-3.06872683e+00 -8.30856747e-01  1.08752049e-01 -1.14799707e+00
  -2.02326774e-02]
 [-1.61554073e+00 -1.13604212e+00  4.67546274e-01  7.93721739e-01
  -2.17411130e+00]
 [ 9.88153460e-02  1.25256198e+00  6.87663688e-01  1.21105531e+00
   1.24829616e+00]
 [-1.62803219e+00 -9.51497252e-01 -1.33739836e+00 -2.64655874e+00
  -2.44379924e+00]
 [ 1.55161200e+00 -8.81729587e-01  1.66741704e+00  1.19081248e-01
   4.16731387e-01]
 [ 1.18105054e+00  1.05374056e+00  1.03430130e-01  8.14369971e-01
  -3.40230172e-01]
 [-4.47161236e-01  1.75372794e-01  2.74529542e-03  5.84651974e-02
  -1.09945578e+00]
 [-3.08410893e-02  1.54801463e+00  7.92509319e-01  3.90224067e-01
   1.25101346e+00]
 [-6.83915763e-01  1.75785982e+00 -9.77446864e-01 -2.55853354e-01
  -2.60042859e-01]]|[[ 0.16594383 -1.32958669  0.33186628  0.90088218 -0.10371936  1.05808627
   2.3831219  -1.20168228 -0.20273746  0.57167178 -0.88272245]]'Generation 46 fittest network:
'[[-0.97503363 -1.39415989 -1.06018862 -0.78235631 -0.53382996]
 [-0.98539786 -0.30333776 -0.57045106 -0.35301909  0.31257446]
 [-1.22906272  0.32676192  0.50943316 -0.83443825  0.30541229]
 [-0.31890447 -1.44575844  1.45753802  1.24123567 -0.9834793 ]
 [ 0.19142604  1.79051652  1.04497791  1.20196917  1.43483753]
 [-1.01954093 -0.20251391 -1.0134945  -1.15409909 -1.11705361]
 [ 1.20198773 -0.77093459  3.9177613   0.01489387  0.55609423]
 [ 0.97986894  1.23820961  0.03703713  0.59405176 -0.15576112]
 [-1.46859194  0.12453918 -0.0219719   0.04504022 -1.15028939]
 [ 0.89809464  0.88431842  0.2474257   0.25773384  1.13285631]
 [-0.45332328  0.74978549 -0.10905143 -0.61892234 -0.57107185]]|[[-1.41248304 -1.21820618  1.24124769  1.4267737  -0.15546634 -0.33542019
  -0.66367813 -0.12654185 -2.95497499  0.07487835 -2.06269543]]'Generation 47 fittest network:
'[[-0.97503363 -1.39415989 -1.06018862 -0.78235631 -0.53382996]
 [-0.98539786 -0.30333776 -0.57045106 -0.35301909  0.31257446]
 [-1.22906272  0.32676192  0.50943316 -0.83443825  0.30541229]
 [-0.31890447 -1.44575844  1.45753802  1.24123567 -0.9834793 ]
 [ 0.19142604  1.79051652  1.04497791  1.20196917  1.43483753]
 [-1.01954093 -0.20251391 -1.0134945  -1.15409909 -1.11705361]
 [ 1.20198773 -0.77093459  3.9177613   0.01489387  0.55609423]
 [ 0.97986894  1.23820961  0.03703713  0.59405176 -0.15576112]
 [-1.46859194  0.12453918 -0.0219719   0.04504022 -1.15028939]
 [ 0.89809464  0.88431842  0.2474257   0.25773384  1.13285631]
 [-0.45332328  0.74978549 -0.10905143 -0.61892234 -0.57107185]]|[[-1.41248304 -1.21820618  1.24124769  1.4267737  -0.15546634 -0.33542019
  -0.66367813 -0.12654185 -2.95497499  0.07487835 -2.06269543]]'Generation 48 fittest network:
'[[-0.97503363 -1.39415989 -1.06018862 -0.78235631 -0.53382996]
 [-0.98539786 -0.30333776 -0.57045106 -0.35301909  0.31257446]
 [-1.22906272  0.32676192  0.50943316 -0.83443825  0.30541229]
 [-0.31890447 -1.44575844  1.45753802  1.24123567 -0.9834793 ]
 [ 0.19142604  1.79051652  1.04497791  1.20196917  1.43483753]
 [-1.01954093 -0.20251391 -1.0134945  -1.15409909 -1.11705361]
 [ 1.20198773 -0.77093459  3.9177613   0.01489387  0.55609423]
 [ 0.97986894  1.23820961  0.03703713  0.59405176 -0.15576112]
 [-1.46859194  0.12453918 -0.0219719   0.04504022 -1.15028939]
 [ 0.89809464  0.88431842  0.2474257   0.25773384  1.13285631]
 [-0.45332328  0.74978549 -0.10905143 -0.61892234 -0.57107185]]|[[-1.41248304 -1.21820618  1.24124769  1.4267737  -0.15546634 -0.33542019
  -0.66367813 -0.12654185 -2.95497499  0.07487835 -2.06269543]]'Generation 49 fittest network:
'[[-0.97503363 -1.39415989 -1.06018862 -0.78235631 -0.53382996]
 [-0.98539786 -0.30333776 -0.57045106 -0.35301909  0.31257446]
 [-1.22906272  0.32676192  0.50943316 -0.83443825  0.30541229]
 [-0.31890447 -1.44575844  1.45753802  1.24123567 -0.9834793 ]
 [ 0.19142604  1.79051652  1.04497791  1.20196917  1.43483753]
 [-1.01954093 -0.20251391 -1.0134945  -1.15409909 -1.11705361]
 [ 1.20198773 -0.77093459  3.9177613   0.01489387  0.55609423]
 [ 0.97986894  1.23820961  0.03703713  0.59405176 -0.15576112]
 [-1.46859194  0.12453918 -0.0219719   0.04504022 -1.15028939]
 [ 0.89809464  0.88431842  0.2474257   0.25773384  1.13285631]
 [-0.45332328  0.74978549 -0.10905143 -0.61892234 -0.57107185]]|[[-1.41248304 -1.21820618  1.24124769  1.4267737  -0.15546634 -0.33542019
  -0.66367813 -0.12654185 -2.95497499  0.07487835 -2.06269543]]'Generation 50 fittest network:
'[[-0.97503363 -1.39415989 -1.06018862 -0.78235631 -0.53382996]
 [-0.98539786 -0.30333776 -0.57045106 -0.35301909  0.31257446]
 [-1.22906272  0.32676192  0.50943316 -0.83443825  0.30541229]
 [-0.31890447 -1.44575844  1.45753802  1.24123567 -0.9834793 ]
 [ 0.19142604  1.79051652  1.04497791  1.20196917  1.43483753]
 [-1.01954093 -0.20251391 -1.0134945  -1.15409909 -1.11705361]
 [ 1.20198773 -0.77093459  3.9177613   0.01489387  0.55609423]
 [ 0.97986894  1.23820961  0.03703713  0.59405176 -0.15576112]
 [-1.46859194  0.12453918 -0.0219719   0.04504022 -1.15028939]
 [ 0.89809464  0.88431842  0.2474257   0.25773384  1.13285631]
 [-0.45332328  0.74978549 -0.10905143 -0.61892234 -0.57107185]]|[[-1.41248304 -1.21820618  1.24124769  1.4267737  -0.15546634 -0.33542019
  -0.66367813 -0.12654185 -2.95497499  0.07487835 -2.06269543]]'Generation 51 fittest network:
'[[-0.97503363 -1.39415989 -1.06018862 -0.78235631 -0.53382996]
 [-0.98539786 -0.30333776 -0.57045106 -0.35301909  0.31257446]
 [-1.22906272  0.32676192  0.50943316 -0.83443825  0.30541229]
 [-0.31890447 -1.44575844  1.45753802  1.24123567 -0.9834793 ]
 [ 0.19142604  1.79051652  1.04497791  1.20196917  1.43483753]
 [-1.01954093 -0.20251391 -1.0134945  -1.15409909 -1.11705361]
 [ 1.20198773 -0.77093459  3.9177613   0.01489387  0.55609423]
 [ 0.97986894  1.23820961  0.03703713  0.59405176 -0.15576112]
 [-1.46859194  0.12453918 -0.0219719   0.04504022 -1.15028939]
 [ 0.89809464  0.88431842  0.2474257   0.25773384  1.13285631]
 [-0.45332328  0.74978549 -0.10905143 -0.61892234 -0.57107185]]|[[-1.41248304 -1.21820618  1.24124769  1.4267737  -0.15546634 -0.33542019
  -0.66367813 -0.12654185 -2.95497499  0.07487835 -2.06269543]]'Generation 52 fittest network:
'[[-1.74746599e+00 -2.08885825e+00 -1.06601241e+00 -7.88180109e-01
  -1.04850330e+00]
 [-3.21284643e-01  4.80056441e-01  9.36621637e-02  2.84773106e-01
   9.76687678e-01]
 [-1.95153134e+00 -4.10988463e-01 -3.17202195e-01 -1.55690686e+00
  -4.17056324e-01]
 [-8.58428794e-01 -2.33450937e+00  2.53427864e-01  3.52484727e-01
  -1.20764441e+00]
 [-2.35120280e-01  1.34839681e+00  6.18431590e-01  7.59849452e-01
   9.92717821e-01]
 [-8.34985730e-01 -1.44547697e+00 -8.28939307e-01 -1.46616967e+00
  -9.32498419e-01]
 [ 7.47950633e-01 -6.92831697e-01  3.61896257e+00  9.29967592e-02
   8.07533151e-01]
 [ 6.47551487e-01  7.94668079e-01 -4.06504404e-01 -8.99083085e-02
  -5.99302652e-01]
 [-1.17334361e+00 -1.35287293e-02  8.40235967e-02  8.00592683e-01
  -8.55041067e-01]
 [ 1.19759167e+00  8.56665695e-01  2.20302084e-01  2.55708862e-01
   1.43235335e+00]
 [-9.77897781e-01  7.19439464e-01  2.82514932e-03 -9.49896981e-01
  -1.09564635e+00]]|[[-0.46767546 -0.37162732 -1.44732375 -0.07199681 -0.27432032  0.02888912
   0.91377222 -0.87614284  1.01716445 -0.38297799 -1.52533762]]'Generation 53 fittest network:
'[[-1.74746599e+00 -2.08885825e+00 -1.06601241e+00 -7.88180109e-01
  -1.04850330e+00]
 [-3.21284643e-01  4.80056441e-01  9.36621637e-02  2.84773106e-01
   9.76687678e-01]
 [-1.95153134e+00 -4.10988463e-01 -3.17202195e-01 -1.55690686e+00
  -4.17056324e-01]
 [-8.58428794e-01 -2.33450937e+00  2.53427864e-01  3.52484727e-01
  -1.20764441e+00]
 [-2.35120280e-01  1.34839681e+00  6.18431590e-01  7.59849452e-01
   9.92717821e-01]
 [-8.34985730e-01 -1.44547697e+00 -8.28939307e-01 -1.46616967e+00
  -9.32498419e-01]
 [ 7.47950633e-01 -6.92831697e-01  3.61896257e+00  9.29967592e-02
   8.07533151e-01]
 [ 6.47551487e-01  7.94668079e-01 -4.06504404e-01 -8.99083085e-02
  -5.99302652e-01]
 [-1.17334361e+00 -1.35287293e-02  8.40235967e-02  8.00592683e-01
  -8.55041067e-01]
 [ 1.19759167e+00  8.56665695e-01  2.20302084e-01  2.55708862e-01
   1.43235335e+00]
 [-9.77897781e-01  7.19439464e-01  2.82514932e-03 -9.49896981e-01
  -1.09564635e+00]]|[[-0.46767546 -0.37162732 -1.44732375 -0.07199681 -0.27432032  0.02888912
   0.91377222 -0.87614284  1.01716445 -0.38297799 -1.52533762]]'Generation 54 fittest network:
'[[-1.74746599e+00 -2.08885825e+00 -1.06601241e+00 -7.88180109e-01
  -1.04850330e+00]
 [-3.21284643e-01  4.80056441e-01  9.36621637e-02  2.84773106e-01
   9.76687678e-01]
 [-1.95153134e+00 -4.10988463e-01 -3.17202195e-01 -1.55690686e+00
  -4.17056324e-01]
 [-8.58428794e-01 -2.33450937e+00  2.53427864e-01  3.52484727e-01
  -1.20764441e+00]
 [-2.35120280e-01  1.34839681e+00  6.18431590e-01  7.59849452e-01
   9.92717821e-01]
 [-8.34985730e-01 -1.44547697e+00 -8.28939307e-01 -1.46616967e+00
  -9.32498419e-01]
 [ 7.47950633e-01 -6.92831697e-01  3.61896257e+00  9.29967592e-02
   8.07533151e-01]
 [ 6.47551487e-01  7.94668079e-01 -4.06504404e-01 -8.99083085e-02
  -5.99302652e-01]
 [-1.17334361e+00 -1.35287293e-02  8.40235967e-02  8.00592683e-01
  -8.55041067e-01]
 [ 1.19759167e+00  8.56665695e-01  2.20302084e-01  2.55708862e-01
   1.43235335e+00]
 [-9.77897781e-01  7.19439464e-01  2.82514932e-03 -9.49896981e-01
  -1.09564635e+00]]|[[-0.46767546 -0.37162732 -1.44732375 -0.07199681 -0.27432032  0.02888912
   0.91377222 -0.87614284  1.01716445 -0.38297799 -1.52533762]]'Generation 55 fittest network:
'[[-1.12391435 -1.45326676 -1.42003617 -1.14220387 -0.29461953]
 [-1.06398952 -0.35568605 -0.64904271 -0.45793177  0.14094519]
 [-0.16855503 -0.53717385  0.92989256 -1.68309225  0.80322039]
 [-1.09936352 -2.11893067  0.86252274  0.35806014 -1.26558527]
 [ 0.06838932  1.44559885  0.90570547  1.26736208  0.86968111]
 [-0.49550648 -0.46458305 -1.09100845 -1.41616823 -1.19456756]
 [ 0.85247107 -0.87129171  3.5820473   0.1992085   0.91205359]
 [ 0.04021698 -0.99617953 -0.3791139  -0.69724282 -1.25771785]
 [-0.84051976  0.40535528 -0.03790165  0.49932165 -1.1563121 ]
 [ 1.34635814  0.88803165  0.25166803  0.60298453  1.77962902]
 [-1.10343626  0.19450506 -0.75916441 -1.47606728 -1.62058075]]|[[-1.21267434  1.3922265   0.07271989  0.32162358 -0.33202213  0.37237626
   0.94301142 -0.7503279   0.61867398 -0.67076027 -0.40869005]]'Generation 56 fittest network:
'[[-1.74687012 -2.08826238 -1.06541654 -0.78758424 -1.04790743]
 [-0.99054413  0.55350182  0.16710755  0.35821849  1.05013306]
 [-0.20283027 -0.57144909  0.89561732 -1.59118211  0.76894515]
 [-1.018226   -2.27872788  0.09363066  0.19826293 -1.36744162]
 [ 0.50769963  1.78770711  1.34501577  1.19915975  1.30899141]
 [-0.49550648 -1.44547697 -1.09100845 -1.41616823 -1.19456756]
 [ 0.38540812 -1.23383422  3.21950479 -0.16333401  0.44499064]
 [-0.1001156  -1.13651211 -0.54683699 -0.23024089 -1.39805043]
 [-1.65310319 -0.49328831 -0.51766123  0.32083311 -1.63607168]
 [ 0.77741803  0.43649205 -0.16850561 -0.16446478  1.0121797 ]
 [-1.42633295 -0.25393011 -0.44561002 -1.92450244 -2.06901592]]|[[-1.33837874  1.26951711 -0.18058911  0.62288509 -0.55364576  0.43297443
   0.2783565  -0.58698135 -2.76759906 -0.15057219  1.37690751]]'Generation 57 fittest network:
'[[-1.74687012 -2.08826238 -1.06541654 -0.78758424 -1.04790743]
 [-0.99054413  0.55350182  0.16710755  0.35821849  1.05013306]
 [-0.20283027 -0.57144909  0.89561732 -1.59118211  0.76894515]
 [-1.018226   -2.27872788  0.09363066  0.19826293 -1.36744162]
 [ 0.50769963  1.78770711  1.34501577  1.19915975  1.30899141]
 [-0.49550648 -1.44547697 -1.09100845 -1.41616823 -1.19456756]
 [ 0.38540812 -1.23383422  3.21950479 -0.16333401  0.44499064]
 [-0.1001156  -1.13651211 -0.54683699 -0.23024089 -1.39805043]
 [-1.65310319 -0.49328831 -0.51766123  0.32083311 -1.63607168]
 [ 0.77741803  0.43649205 -0.16850561 -0.16446478  1.0121797 ]
 [-1.42633295 -0.25393011 -0.44561002 -1.92450244 -2.06901592]]|[[-1.33837874  1.26951711 -0.18058911  0.62288509 -0.55364576  0.43297443
   0.2783565  -0.58698135 -2.76759906 -0.15057219  1.37690751]]'Generation 58 fittest network:
'[[-1.74687012 -2.08826238 -1.06541654 -0.78758424 -1.04790743]
 [-0.99054413  0.55350182  0.16710755  0.35821849  1.05013306]
 [-0.20283027 -0.57144909  0.89561732 -1.59118211  0.76894515]
 [-1.018226   -2.27872788  0.09363066  0.19826293 -1.36744162]
 [ 0.50769963  1.78770711  1.34501577  1.19915975  1.30899141]
 [-0.49550648 -1.44547697 -1.09100845 -1.41616823 -1.19456756]
 [ 0.38540812 -1.23383422  3.21950479 -0.16333401  0.44499064]
 [-0.1001156  -1.13651211 -0.54683699 -0.23024089 -1.39805043]
 [-1.65310319 -0.49328831 -0.51766123  0.32083311 -1.63607168]
 [ 0.77741803  0.43649205 -0.16850561 -0.16446478  1.0121797 ]
 [-1.42633295 -0.25393011 -0.44561002 -1.92450244 -2.06901592]]|[[-1.33837874  1.26951711 -0.18058911  0.62288509 -0.55364576  0.43297443
   0.2783565  -0.58698135 -2.76759906 -0.15057219  1.37690751]]'Generation 59 fittest network:
'[[-1.74687012 -2.08826238 -1.06541654 -0.78758424 -1.04790743]
 [-0.99054413  0.55350182  0.16710755  0.35821849  1.05013306]
 [-0.20283027 -0.57144909  0.89561732 -1.59118211  0.76894515]
 [-1.018226   -2.27872788  0.09363066  0.19826293 -1.36744162]
 [ 0.50769963  1.78770711  1.34501577  1.19915975  1.30899141]
 [-0.49550648 -1.44547697 -1.09100845 -1.41616823 -1.19456756]
 [ 0.38540812 -1.23383422  3.21950479 -0.16333401  0.44499064]
 [-0.1001156  -1.13651211 -0.54683699 -0.23024089 -1.39805043]
 [-1.65310319 -0.49328831 -0.51766123  0.32083311 -1.63607168]
 [ 0.77741803  0.43649205 -0.16850561 -0.16446478  1.0121797 ]
 [-1.42633295 -0.25393011 -0.44561002 -1.92450244 -2.06901592]]|[[-1.33837874  1.26951711 -0.18058911  0.62288509 -0.55364576  0.43297443
   0.2783565  -0.58698135 -2.76759906 -0.15057219  1.37690751]]'Generation 60 fittest network:
'[[-1.74687012 -2.08826238 -1.06541654 -0.78758424 -1.04790743]
 [-0.99054413  0.55350182  0.16710755  0.35821849  1.05013306]
 [-0.20283027 -0.57144909  0.89561732 -1.59118211  0.76894515]
 [-1.018226   -2.27872788  0.09363066  0.19826293 -1.36744162]
 [ 0.50769963  1.78770711  1.34501577  1.19915975  1.30899141]
 [-0.49550648 -1.44547697 -1.09100845 -1.41616823 -1.19456756]
 [ 0.38540812 -1.23383422  3.21950479 -0.16333401  0.44499064]
 [-0.1001156  -1.13651211 -0.54683699 -0.23024089 -1.39805043]
 [-1.65310319 -0.49328831 -0.51766123  0.32083311 -1.63607168]
 [ 0.77741803  0.43649205 -0.16850561 -0.16446478  1.0121797 ]
 [-1.42633295 -0.25393011 -0.44561002 -1.92450244 -2.06901592]]|[[-1.33837874  1.26951711 -0.18058911  0.62288509 -0.55364576  0.43297443
   0.2783565  -0.58698135 -2.76759906 -0.15057219  1.37690751]]'Generation 61 fittest network:
'[[-1.74687012 -2.08826238 -1.06541654 -0.78758424 -1.04790743]
 [-0.99054413  0.55350182  0.16710755  0.35821849  1.05013306]
 [-0.20283027 -0.57144909  0.89561732 -1.59118211  0.76894515]
 [-1.018226   -2.27872788  0.09363066  0.19826293 -1.36744162]
 [ 0.50769963  1.78770711  1.34501577  1.19915975  1.30899141]
 [-0.49550648 -1.44547697 -1.09100845 -1.41616823 -1.19456756]
 [ 0.38540812 -1.23383422  3.21950479 -0.16333401  0.44499064]
 [-0.1001156  -1.13651211 -0.54683699 -0.23024089 -1.39805043]
 [-1.65310319 -0.49328831 -0.51766123  0.32083311 -1.63607168]
 [ 0.77741803  0.43649205 -0.16850561 -0.16446478  1.0121797 ]
 [-1.42633295 -0.25393011 -0.44561002 -1.92450244 -2.06901592]]|[[-1.33837874  1.26951711 -0.18058911  0.62288509 -0.55364576  0.43297443
   0.2783565  -0.58698135 -2.76759906 -0.15057219  1.37690751]]'Generation 62 fittest network:
'[[-1.74687012 -2.08826238 -1.06541654 -0.78758424 -1.04790743]
 [-0.99054413  0.55350182  0.16710755  0.35821849  1.05013306]
 [-0.20283027 -0.57144909  0.89561732 -1.59118211  0.76894515]
 [-1.018226   -2.27872788  0.09363066  0.19826293 -1.36744162]
 [ 0.50769963  1.78770711  1.34501577  1.19915975  1.30899141]
 [-0.49550648 -1.44547697 -1.09100845 -1.41616823 -1.19456756]
 [ 0.38540812 -1.23383422  3.21950479 -0.16333401  0.44499064]
 [-0.1001156  -1.13651211 -0.54683699 -0.23024089 -1.39805043]
 [-1.65310319 -0.49328831 -0.51766123  0.32083311 -1.63607168]
 [ 0.77741803  0.43649205 -0.16850561 -0.16446478  1.0121797 ]
 [-1.42633295 -0.25393011 -0.44561002 -1.92450244 -2.06901592]]|[[-1.33837874  1.26951711 -0.18058911  0.62288509 -0.55364576  0.43297443
   0.2783565  -0.58698135 -2.76759906 -0.15057219  1.37690751]]'Generation 63 fittest network:
'[[-1.74687012 -2.08826238 -1.06541654 -0.78758424 -1.04790743]
 [-0.99054413  0.55350182  0.16710755  0.35821849  1.05013306]
 [-0.20283027 -0.57144909  0.89561732 -1.59118211  0.76894515]
 [-1.018226   -2.27872788  0.09363066  0.19826293 -1.36744162]
 [ 0.50769963  1.78770711  1.34501577  1.19915975  1.30899141]
 [-0.49550648 -1.44547697 -1.09100845 -1.41616823 -1.19456756]
 [ 0.38540812 -1.23383422  3.21950479 -0.16333401  0.44499064]
 [-0.1001156  -1.13651211 -0.54683699 -0.23024089 -1.39805043]
 [-1.65310319 -0.49328831 -0.51766123  0.32083311 -1.63607168]
 [ 0.77741803  0.43649205 -0.16850561 -0.16446478  1.0121797 ]
 [-1.42633295 -0.25393011 -0.44561002 -1.92450244 -2.06901592]]|[[-1.33837874  1.26951711 -0.18058911  0.62288509 -0.55364576  0.43297443
   0.2783565  -0.58698135 -2.76759906 -0.15057219  1.37690751]]'Generation 64 fittest network:
'[[-1.74687012 -2.08826238 -1.06541654 -0.78758424 -1.04790743]
 [-0.99054413  0.55350182  0.16710755  0.35821849  1.05013306]
 [-0.20283027 -0.57144909  0.89561732 -1.59118211  0.76894515]
 [-1.018226   -2.27872788  0.09363066  0.19826293 -1.36744162]
 [ 0.50769963  1.78770711  1.34501577  1.19915975  1.30899141]
 [-0.49550648 -1.44547697 -1.09100845 -1.41616823 -1.19456756]
 [ 0.38540812 -1.23383422  3.21950479 -0.16333401  0.44499064]
 [-0.1001156  -1.13651211 -0.54683699 -0.23024089 -1.39805043]
 [-1.65310319 -0.49328831 -0.51766123  0.32083311 -1.63607168]
 [ 0.77741803  0.43649205 -0.16850561 -0.16446478  1.0121797 ]
 [-1.42633295 -0.25393011 -0.44561002 -1.92450244 -2.06901592]]|[[-1.33837874  1.26951711 -0.18058911  0.62288509 -0.55364576  0.43297443
   0.2783565  -0.58698135 -2.76759906 -0.15057219  1.37690751]]'Generation 65 fittest network:
'[[-1.74687012 -2.08826238 -1.06541654 -0.78758424 -1.04790743]
 [-0.99054413  0.55350182  0.16710755  0.35821849  1.05013306]
 [-0.20283027 -0.57144909  0.89561732 -1.59118211  0.76894515]
 [-1.018226   -2.27872788  0.09363066  0.19826293 -1.36744162]
 [ 0.50769963  1.78770711  1.34501577  1.19915975  1.30899141]
 [-0.49550648 -1.44547697 -1.09100845 -1.41616823 -1.19456756]
 [ 0.38540812 -1.23383422  3.21950479 -0.16333401  0.44499064]
 [-0.1001156  -1.13651211 -0.54683699 -0.23024089 -1.39805043]
 [-1.65310319 -0.49328831 -0.51766123  0.32083311 -1.63607168]
 [ 0.77741803  0.43649205 -0.16850561 -0.16446478  1.0121797 ]
 [-1.42633295 -0.25393011 -0.44561002 -1.92450244 -2.06901592]]|[[-1.33837874  1.26951711 -0.18058911  0.62288509 -0.55364576  0.43297443
   0.2783565  -0.58698135 -2.76759906 -0.15057219  1.37690751]]'Generation 66 fittest network:
'[[-1.74687012 -2.08826238 -1.06541654 -0.78758424 -1.04790743]
 [-0.99054413  0.55350182  0.16710755  0.35821849  1.05013306]
 [-0.20283027 -0.57144909  0.89561732 -1.59118211  0.76894515]
 [-1.018226   -2.27872788  0.09363066  0.19826293 -1.36744162]
 [ 0.50769963  1.78770711  1.34501577  1.19915975  1.30899141]
 [-0.49550648 -1.44547697 -1.09100845 -1.41616823 -1.19456756]
 [ 0.38540812 -1.23383422  3.21950479 -0.16333401  0.44499064]
 [-0.1001156  -1.13651211 -0.54683699 -0.23024089 -1.39805043]
 [-1.65310319 -0.49328831 -0.51766123  0.32083311 -1.63607168]
 [ 0.77741803  0.43649205 -0.16850561 -0.16446478  1.0121797 ]
 [-1.42633295 -0.25393011 -0.44561002 -1.92450244 -2.06901592]]|[[-1.33837874  1.26951711 -0.18058911  0.62288509 -0.55364576  0.43297443
   0.2783565  -0.58698135 -2.76759906 -0.15057219  1.37690751]]'Generation 67 fittest network:
'[[-1.74687012 -2.08826238 -1.06541654 -0.78758424 -1.04790743]
 [-0.99054413  0.55350182  0.16710755  0.35821849  1.05013306]
 [-0.20283027 -0.57144909  0.89561732 -1.59118211  0.76894515]
 [-1.018226   -2.27872788  0.09363066  0.19826293 -1.36744162]
 [ 0.50769963  1.78770711  1.34501577  1.19915975  1.30899141]
 [-0.49550648 -1.44547697 -1.09100845 -1.41616823 -1.19456756]
 [ 0.38540812 -1.23383422  3.21950479 -0.16333401  0.44499064]
 [-0.1001156  -1.13651211 -0.54683699 -0.23024089 -1.39805043]
 [-1.65310319 -0.49328831 -0.51766123  0.32083311 -1.63607168]
 [ 0.77741803  0.43649205 -0.16850561 -0.16446478  1.0121797 ]
 [-1.42633295 -0.25393011 -0.44561002 -1.92450244 -2.06901592]]|[[-1.33837874  1.26951711 -0.18058911  0.62288509 -0.55364576  0.43297443
   0.2783565  -0.58698135 -2.76759906 -0.15057219  1.37690751]]'Generation 68 fittest network:
'[[-1.74687012 -2.08826238 -1.06541654 -0.78758424 -1.04790743]
 [-0.99054413  0.55350182  0.16710755  0.35821849  1.05013306]
 [-0.20283027 -0.57144909  0.89561732 -1.59118211  0.76894515]
 [-1.018226   -2.27872788  0.09363066  0.19826293 -1.36744162]
 [ 0.50769963  1.78770711  1.34501577  1.19915975  1.30899141]
 [-0.49550648 -1.44547697 -1.09100845 -1.41616823 -1.19456756]
 [ 0.38540812 -1.23383422  3.21950479 -0.16333401  0.44499064]
 [-0.1001156  -1.13651211 -0.54683699 -0.23024089 -1.39805043]
 [-1.65310319 -0.49328831 -0.51766123  0.32083311 -1.63607168]
 [ 0.77741803  0.43649205 -0.16850561 -0.16446478  1.0121797 ]
 [-1.42633295 -0.25393011 -0.44561002 -1.92450244 -2.06901592]]|[[-1.33837874  1.26951711 -0.18058911  0.62288509 -0.55364576  0.43297443
   0.2783565  -0.58698135 -2.76759906 -0.15057219  1.37690751]]'Generation 69 fittest network:
'[[-0.28637196 -0.60883235 -0.89381069 -0.61597839 -0.56125594]
 [-1.06789871  0.5035842   0.08975298  0.91348269  0.97277849]
 [ 0.28306022 -0.08555861  1.3815078  -1.10529162  1.20014381]
 [-1.72694618 -2.76850238  0.26953228  0.37416455 -1.19154   ]
 [ 0.81973506  2.32854318  1.65705121  3.36649958  1.84982748]
 [-0.49550648 -1.84610316 -1.49163463 -1.51727225 -1.19456756]
 [ 0.02697111 -2.82007791  2.86106778 -0.93995411  0.14645458]
 [-0.30117758 -1.24240163 -1.13805976 -0.33613041 -1.50393995]
 [-1.70752605 -0.54771117 -0.57208409  0.26641024 -1.35259577]
 [ 0.84358352  0.50265755 -0.10234011 -0.09829929  1.0783452 ]
 [-1.84090091 -0.5781293  -0.44561002 -1.92450244 -2.06901592]]|[[ 1.77024836 -0.5574834  -0.44063898  0.72417712 -1.31683998 -0.67277029
   0.13996252  0.40894974 -0.34373381  2.1140308  -0.1217664 ]]'Generation 70 fittest network:
'[[-1.14222575 -1.75048115 -0.72763531 -0.18293987 -0.7101262 ]
 [-0.95408081  0.58996515  0.20357087  0.39468181  1.08659639]
 [-0.23809651 -0.26382904  1.20323737 -1.62644835  0.7336789 ]
 [-0.90581757 -2.13367564  1.87657732 -0.09073279 -1.92070931]
 [ 0.23660069  1.05742456  0.61473321  0.4688772   1.03789248]
 [-0.92344948 -1.87341997 -1.18645803 -1.51161781 -1.62251056]
 [ 0.13373139 -1.38784369  3.29864959 -0.31734348  0.35088212]
 [ 0.61868445 -0.3225396  -0.06705613  0.58373162 -1.06941118]
 [-1.72518001 -0.56536513 -0.52242285  0.31607148 -1.7081485 ]
 [ 0.74419649 -0.4345122  -0.20172714 -0.19768632  0.97895817]
 [-1.71239005 -0.53998721 -0.42962696 -1.90851939 -2.35507302]]|[[-1.9321147   0.84129382 -0.03424538 -0.35719451 -0.59104472  0.67323231
  -1.54845678 -0.02538267 -0.89689519  0.96475204  0.72234817]]'Generation 71 fittest network:
'[[-1.60340112 -1.07000772 -1.35498606 -0.64411524 -1.02243131]
 [-0.95408081  0.58996515  0.20357087  0.91348269  1.08659639]
 [-0.30482826 -0.15229036  1.13650562 -1.6931801   0.66694716]
 [-0.90581757 -2.76850238  1.87657732  0.37416455 -1.19154   ]
 [ 0.81973506  2.32854318  1.65705121  3.36649958  1.84982748]
 [-0.25688166 -1.60747834 -0.94783321 -1.27864743 -1.38388574]
 [ 0.26502723 -2.58202179  3.09912389 -0.70189799  0.58893824]
 [-0.54972924 -1.49095329 -1.38661142 -0.58468207 -1.31796284]
 [-1.70752605 -0.54771117 -0.52242285  0.26641024 -1.35259577]
 [ 0.48358999 -0.79450574 -0.56172067 -0.45829282  0.61896464]
 [-1.29371117 -0.15945042 -0.02693114 -1.50582357 -1.93639414]]|[[ 1.38251766  0.91092197  0.20999252  0.40148961 -0.29353143 -0.15640604
  -1.16623169  0.2676861  -1.98603538 -1.973382    2.04787994]]'Generation 72 fittest network:
'[[-1.89621035e+00 -2.04329038e+00 -1.02044454e+00 -9.36924471e-01
  -1.31524053e+00]
 [-4.57214671e-01  1.08683129e+00  7.00437011e-01  1.41034883e+00
   1.58346253e+00]
 [-3.21739031e-01 -2.80739811e-01  1.18632660e+00 -1.64335912e+00
   6.50036384e-01]
 [-1.06605570e+00 -2.92874051e+00  1.71633919e+00  2.13926421e-01
  -2.08094744e+00]
 [ 2.00415059e-03  2.09394664e+00  3.80136669e-01  2.34280656e-01
   1.61523094e+00]
 [-8.44146119e-01 -1.52817498e+00 -8.68529845e-01 -1.43231445e+00
  -1.30458238e+00]
 [-1.63357517e-02 -2.86338478e+00  3.01728661e+00 -9.83260974e-01
   6.95191401e-02]
 [ 6.18684446e-01 -1.49095329e+00 -6.70561349e-02 -5.84682073e-01
  -1.06941118e+00]
 [-1.50713461e+00 -3.29665767e-01 -3.04377449e-01  4.84455646e-01
  -1.49010310e+00]
 [ 8.65201571e-01 -5.29006268e-02  1.79884435e-01 -7.66812391e-02
   1.00057622e+00]
 [-1.39499841e+00 -2.60737656e-01 -5.30914199e-01 -2.00980663e+00
  -2.45636026e+00]]|[[ 0.62598824 -0.28455237 -1.06314249  0.82585112 -0.29353143  1.30775709
   0.05401158 -0.53805794  0.36164936  0.58775157  1.0691571 ]]'Generation 73 fittest network:
'[[-1.9569485  -1.4235551  -1.37399192 -0.99766263 -1.66878791]
 [-0.64087297  0.40630685  0.01991257  0.72982439  1.39980423]
 [-0.43655196 -0.28401406  1.05460289 -1.77508283  0.53522345]
 [-1.05818605 -2.76063273  1.72420884  0.3820342  -1.18367034]
 [ 0.81973506  2.09394664  1.65705121  0.23428066  1.61523094]
 [-0.17008949 -1.44138281 -0.86104104 -1.34552228 -1.21779021]
 [ 0.26502723 -2.58202179  3.01728661 -0.70189799  0.06951914]
 [-0.33659821 -1.27782226 -1.17348039 -0.37155104 -0.85628014]
 [-1.50106209 -0.32359325 -0.29830493  0.27248276 -1.48403058]
 [ 0.63382564 -1.02588167 -0.0514915  -0.30805717  0.3875887 ]
 [-0.95147325  0.18278751 -0.18867627 -1.16358564 -1.59415622]]|[[ 0.23403965  0.81704163  0.9159856  -0.74219177 -0.59056248 -0.62575206
   0.48400689  1.13186369 -2.10415609 -1.91132225  0.32742897]]'Generation 74 fittest network:
'[[-1.9569485  -1.4235551  -1.37399192 -0.99766263 -1.66878791]
 [-0.64087297  0.40630685  0.01991257  0.72982439  1.39980423]
 [-0.43655196 -0.28401406  1.05460289 -1.77508283  0.53522345]
 [-1.05818605 -2.76063273  1.72420884  0.3820342  -1.18367034]
 [ 0.81973506  2.09394664  1.65705121  0.23428066  1.61523094]
 [-0.17008949 -1.44138281 -0.86104104 -1.34552228 -1.21779021]
 [ 0.26502723 -2.58202179  3.01728661 -0.70189799  0.06951914]
 [-0.33659821 -1.27782226 -1.17348039 -0.37155104 -0.85628014]
 [-1.50106209 -0.32359325 -0.29830493  0.27248276 -1.48403058]
 [ 0.63382564 -1.02588167 -0.0514915  -0.30805717  0.3875887 ]
 [-0.95147325  0.18278751 -0.18867627 -1.16358564 -1.59415622]]|[[ 0.23403965  0.81704163  0.9159856  -0.74219177 -0.59056248 -0.62575206
   0.48400689  1.13186369 -2.10415609 -1.91132225  0.32742897]]'Generation 75 fittest network:
'[[-2.076159   -2.05441629 -1.03157046 -1.11687312 -1.78799841]
 [-1.67308863  0.0459508  -0.51543695  1.04999278  1.03944818]
 [-0.43655196 -0.28401406  1.05460289 -1.77508283  0.35361646]
 [-1.64252978 -3.22227126  1.26257031 -0.36254766 -2.65742152]
 [-0.24804548  2.29041572  0.13008704  0.16983605  1.55078633]
 [-0.46928135 -1.74057467 -1.01835818 -1.64471415 -1.51698207]
 [-0.38557902 -2.58202179  3.01728661 -0.70189799  0.21969497]
 [-0.78798953 -1.65653509 -1.62487171 -0.68971552 -1.30767146]
 [-1.53977821 -0.36230936 -0.31352811  0.25725959 -1.49925375]
 [ 0.29395816 -1.36574915 -0.39135898 -0.14840361  0.54724226]
 [-1.11312011  0.02114064 -0.69256106 -2.39900207 -2.32558958]]|[[-0.35373748  0.5961602   0.21486309  0.50899651 -0.48060109 -0.0597729
  -2.07814626 -0.28575355 -0.33945582 -0.87661362 -1.48751621]]'Generation 76 fittest network:
'[[-2.4646834  -1.8120795  -1.42009485 -1.50539752 -2.05731231]
 [-0.33001983  0.35680394 -0.2045838   1.36084593  1.35030132]
 [-0.03426336  0.11827454  1.4568915  -1.37279422  0.75590507]
 [-1.17027652 -2.28837947  2.1964621   0.1097056  -0.71141708]
 [ 0.55780412  1.83201569 -0.13184391 -0.02765029  1.28885538]
 [-0.11697603 -1.38826936 -0.66605286 -0.99321696 -0.86548489]
 [-0.06591733 -2.2623601   3.3369483  -0.3822363   0.53935667]
 [-0.72064705 -2.04058393 -2.00892055 -1.07376436 -1.6917203 ]
 [-1.61252388 -0.39633892 -0.3710506   0.18451392 -1.55677625]
 [ 0.92499106 -0.73471625  0.23967392  0.14276181  0.67875412]
 [-1.41345172 -0.44083783 -0.65065475 -1.62556412 -2.78756806]]|[[ 0.63659117  0.14346112  0.75710235 -0.92821079 -0.59056248 -0.38008007
  -1.67106549  0.43349057  0.23522879  0.5082543   0.81828229]]'Generation 77 fittest network:
'[[-2.4646834  -1.8120795  -1.42009485 -1.50539752 -2.05731231]
 [-0.33001983  0.35680394 -0.2045838   1.36084593  1.35030132]
 [-0.03426336  0.11827454  1.4568915  -1.37279422  0.75590507]
 [-1.17027652 -2.28837947  2.1964621   0.1097056  -0.71141708]
 [ 0.55780412  1.83201569 -0.13184391 -0.02765029  1.28885538]
 [-0.11697603 -1.38826936 -0.66605286 -0.99321696 -0.86548489]
 [-0.06591733 -2.2623601   3.3369483  -0.3822363   0.53935667]
 [-0.72064705 -2.04058393 -2.00892055 -1.07376436 -1.6917203 ]
 [-1.61252388 -0.39633892 -0.3710506   0.18451392 -1.55677625]
 [ 0.92499106 -0.73471625  0.23967392  0.14276181  0.67875412]
 [-1.41345172 -0.44083783 -0.65065475 -1.62556412 -2.78756806]]|[[ 0.63659117  0.14346112  0.75710235 -0.92821079 -0.59056248 -0.38008007
  -1.67106549  0.43349057  0.23522879  0.5082543   0.81828229]]'Generation 78 fittest network:
'[[-2.4646834  -1.8120795  -1.42009485 -1.50539752 -2.05731231]
 [-0.33001983  0.35680394 -0.2045838   1.36084593  1.35030132]
 [-0.03426336  0.11827454  1.4568915  -1.37279422  0.75590507]
 [-1.17027652 -2.28837947  2.1964621   0.1097056  -0.71141708]
 [ 0.55780412  1.83201569 -0.13184391 -0.02765029  1.28885538]
 [-0.11697603 -1.38826936 -0.66605286 -0.99321696 -0.86548489]
 [-0.06591733 -2.2623601   3.3369483  -0.3822363   0.53935667]
 [-0.72064705 -2.04058393 -2.00892055 -1.07376436 -1.6917203 ]
 [-1.61252388 -0.39633892 -0.3710506   0.18451392 -1.55677625]
 [ 0.92499106 -0.73471625  0.23967392  0.14276181  0.67875412]
 [-1.41345172 -0.44083783 -0.65065475 -1.62556412 -2.78756806]]|[[ 0.63659117  0.14346112  0.75710235 -0.92821079 -0.59056248 -0.38008007
  -1.67106549  0.43349057  0.23522879  0.5082543   0.81828229]]'Generation 79 fittest network:
'[[-2.65434249 -2.75181027 -1.72896444 -1.8142671  -2.13253711]
 [-0.05423826  0.63258551  0.34445113  1.63662749  1.62608289]
 [-0.00985816  0.3128      1.65141696 -1.17826876  0.87269944]
 [-0.6145057  -2.50264281  1.98219876  0.9334438  -0.05527197]
 [ 0.65673279  1.96273254  0.23237596 -0.35869372  1.67622282]
 [-0.13654988 -1.65194978 -0.92973329 -0.52946645 -1.1842506 ]
 [ 0.33814977 -1.858293    3.7410154  -1.22686677  1.0277002 ]
 [-0.9560388  -2.00729242 -1.76261623 -0.88202891 -1.53126328]
 [-1.76540246 -0.54535703 -0.27127054  0.29951715 -1.5112419 ]
 [ 1.00533284  0.01364773  0.9880379   0.55469792  1.15440856]
 [-1.01802405  0.12726382 -0.58643788 -1.05746246 -3.01574724]]|[[-1.06400006  1.96051847 -1.36864044 -1.01389438 -1.20878799 -1.11274501
   1.25873888  0.83680424 -3.17919979 -0.67597228  2.26477419]]'Generation 80 fittest network:
'[[-2.63486556 -1.58973241 -1.51816429 -1.67557968 -1.69499687]
 [-1.33134341  0.38769601  0.36165778  1.65383415  0.93276954]
 [ 1.08967201  0.86593115  2.06693389 -0.76275183  1.42583059]
 [-1.39650664 -1.97114205  1.74821224  0.42694302 -0.39417966]
 [ 0.39376736  2.11670151  0.81233469  0.00579929  1.38674957]
 [-0.23324475 -0.37757534 -0.5545612  -1.11723231 -0.75399323]
 [ 0.35947256 -1.53005917  3.21006124  0.35006463  0.5147819 ]
 [-0.87296135 -2.08327244 -1.96274621 -0.68892189 -1.21326961]
 [-1.90056365 -0.26656748  0.02339244  0.57895696 -1.64640308]
 [ 0.68630143 -1.14986149  0.12784025  0.03092814  0.26360888]
 [-1.09340147 -0.61787825 -0.23215958 -1.80260454 -2.96460848]]|[[ 0.95376804 -0.4823516   1.17790348 -0.87392574 -0.46096684 -0.84508187
   1.73154257  1.42280722  0.21052068  0.23673187  2.1127018 ]]'Generation 81 fittest network:
'[[-2.63486556 -1.58973241 -1.51816429 -1.67557968 -1.69499687]
 [-1.33134341  0.38769601  0.36165778  1.65383415  0.93276954]
 [ 1.08967201  0.86593115  2.06693389 -0.76275183  1.42583059]
 [-1.39650664 -1.97114205  1.74821224  0.42694302 -0.39417966]
 [ 0.39376736  2.11670151  0.81233469  0.00579929  1.38674957]
 [-0.23324475 -0.37757534 -0.5545612  -1.11723231 -0.75399323]
 [ 0.35947256 -1.53005917  3.21006124  0.35006463  0.5147819 ]
 [-0.87296135 -2.08327244 -1.96274621 -0.68892189 -1.21326961]
 [-1.90056365 -0.26656748  0.02339244  0.57895696 -1.64640308]
 [ 0.68630143 -1.14986149  0.12784025  0.03092814  0.26360888]
 [-1.09340147 -0.61787825 -0.23215958 -1.80260454 -2.96460848]]|[[ 0.95376804 -0.4823516   1.17790348 -0.87392574 -0.46096684 -0.84508187
   1.73154257  1.42280722  0.21052068  0.23673187  2.1127018 ]]'Generation 82 fittest network:
'[[-2.63486556 -1.58973241 -1.51816429 -1.67557968 -1.69499687]
 [-1.33134341  0.38769601  0.36165778  1.65383415  0.93276954]
 [ 1.08967201  0.86593115  2.06693389 -0.76275183  1.42583059]
 [-1.39650664 -1.97114205  1.74821224  0.42694302 -0.39417966]
 [ 0.39376736  2.11670151  0.81233469  0.00579929  1.38674957]
 [-0.23324475 -0.37757534 -0.5545612  -1.11723231 -0.75399323]
 [ 0.35947256 -1.53005917  3.21006124  0.35006463  0.5147819 ]
 [-0.87296135 -2.08327244 -1.96274621 -0.68892189 -1.21326961]
 [-1.90056365 -0.26656748  0.02339244  0.57895696 -1.64640308]
 [ 0.68630143 -1.14986149  0.12784025  0.03092814  0.26360888]
 [-1.09340147 -0.61787825 -0.23215958 -1.80260454 -2.96460848]]|[[ 0.95376804 -0.4823516   1.17790348 -0.87392574 -0.46096684 -0.84508187
   1.73154257  1.42280722  0.21052068  0.23673187  2.1127018 ]]'Generation 83 fittest network:
'[[-2.35137423 -1.31085403 -1.23467297 -1.30986573 -1.41150554]
 [-0.98069336  0.68890296  0.66286473  2.02591713  2.01537252]
 [ 0.95828633  0.73454546  1.93554821 -0.93957842  0.69587285]
 [-1.7476284  -2.29679601  1.39709048  0.10128907 -0.74530142]
 [ 0.84318     2.56611416  0.77540185  0.45521193  1.83616221]
 [-0.48586016 -0.63019075 -0.87675061 -1.43942172 -1.72369051]
 [ 0.57684932 -1.31268242  3.11109197  0.43209189  0.73215865]
 [-0.56489503 -1.77520611 -1.65467988 -0.38085557 -0.90520328]
 [-2.60882475 -1.25361813 -0.97953164  0.22031411 -2.35466419]
 [ 0.4314382  -1.40472473 -0.36555337 -0.46246548 -0.22978474]
 [-1.09340147 -0.61787825 -0.01742203 -1.58786699 -2.96460848]]|[[-1.06049544 -0.53978724  0.75104144  0.39312014 -0.83634225  0.5437357
   1.69061923 -0.4548222   0.63028616 -0.26363875  0.67211911]]'Generation 84 fittest network:
'[[-2.35137423 -1.31085403 -1.23467297 -1.30986573 -1.41150554]
 [-0.98069336  0.68890296  0.66286473  2.02591713  2.01537252]
 [ 0.95828633  0.73454546  1.93554821 -0.93957842  0.69587285]
 [-1.7476284  -2.29679601  1.39709048  0.10128907 -0.74530142]
 [ 0.84318     2.56611416  0.77540185  0.45521193  1.83616221]
 [-0.48586016 -0.63019075 -0.87675061 -1.43942172 -1.72369051]
 [ 0.57684932 -1.31268242  3.11109197  0.43209189  0.73215865]
 [-0.56489503 -1.77520611 -1.65467988 -0.38085557 -0.90520328]
 [-2.60882475 -1.25361813 -0.97953164  0.22031411 -2.35466419]
 [ 0.4314382  -1.40472473 -0.36555337 -0.46246548 -0.22978474]
 [-1.09340147 -0.61787825 -0.01742203 -1.58786699 -2.96460848]]|[[-1.06049544 -0.53978724  0.75104144  0.39312014 -0.83634225  0.5437357
   1.69061923 -0.4548222   0.63028616 -0.26363875  0.67211911]]'Generation 85 fittest network:
'[[-2.35137423 -1.31085403 -1.23467297 -1.30986573 -1.41150554]
 [-0.98069336  0.68890296  0.66286473  2.02591713  2.01537252]
 [ 0.95828633  0.73454546  1.93554821 -0.93957842  0.69587285]
 [-1.7476284  -2.29679601  1.39709048  0.10128907 -0.74530142]
 [ 0.84318     2.56611416  0.77540185  0.45521193  1.83616221]
 [-0.48586016 -0.63019075 -0.87675061 -1.43942172 -1.72369051]
 [ 0.57684932 -1.31268242  3.11109197  0.43209189  0.73215865]
 [-0.56489503 -1.77520611 -1.65467988 -0.38085557 -0.90520328]
 [-2.60882475 -1.25361813 -0.97953164  0.22031411 -2.35466419]
 [ 0.4314382  -1.40472473 -0.36555337 -0.46246548 -0.22978474]
 [-1.09340147 -0.61787825 -0.01742203 -1.58786699 -2.96460848]]|[[-1.06049544 -0.53978724  0.75104144  0.39312014 -0.83634225  0.5437357
   1.69061923 -0.4548222   0.63028616 -0.26363875  0.67211911]]'Generation 86 fittest network:
'[[-2.46772905 -1.1861017  -1.35102778 -1.40072634 -1.52786035]
 [-0.51639632  1.15319999  1.12716176  2.49021416  2.47966956]
 [ 1.05995556  0.88747697  2.03721744 -0.83790919  0.79754208]
 [-2.28345072 -3.15907584  0.8859324  -0.43453325 -0.90937115]
 [ 0.86258395  1.82869457  0.7948058   0.47461588  1.40465704]
 [-0.31188167 -0.45621226 -0.70277212 -1.26544324 -1.54971202]
 [ 0.41247197 -1.33708603  3.16923853  0.30924192  0.69133593]
 [-0.71818585 -2.23656327 -2.11603703 -0.78971493 -1.32015238]
 [-3.11310966 -0.77085239 -1.16623997  0.03360578 -2.8589491 ]
 [ 0.80835884 -1.02780409 -0.31891551 -0.41582762 -0.18314689]
 [-0.74938703 -0.27386381  0.32659241 -1.24385255 -2.62059404]]|[[-0.35094431 -0.17055709  0.04492315 -0.8898881  -0.60290437  0.23473941
   1.23817519 -0.30405718 -0.20632267 -0.66678963  0.71769994]]'Generation 87 fittest network:
'[[-2.46772905 -1.1861017  -1.35102778 -1.40072634 -1.52786035]
 [-0.51639632  1.15319999  1.12716176  2.49021416  2.47966956]
 [ 1.05995556  0.88747697  2.03721744 -0.83790919  0.79754208]
 [-2.28345072 -3.15907584  0.8859324  -0.43453325 -0.90937115]
 [ 0.86258395  1.82869457  0.7948058   0.47461588  1.40465704]
 [-0.31188167 -0.45621226 -0.70277212 -1.26544324 -1.54971202]
 [ 0.41247197 -1.33708603  3.16923853  0.30924192  0.69133593]
 [-0.71818585 -2.23656327 -2.11603703 -0.78971493 -1.32015238]
 [-3.11310966 -0.77085239 -1.16623997  0.03360578 -2.8589491 ]
 [ 0.80835884 -1.02780409 -0.31891551 -0.41582762 -0.18314689]
 [-0.74938703 -0.27386381  0.32659241 -1.24385255 -2.62059404]]|[[-0.35094431 -0.17055709  0.04492315 -0.8898881  -0.60290437  0.23473941
   1.23817519 -0.30405718 -0.20632267 -0.66678963  0.71769994]]'Generation 88 fittest network:
'[[-2.46772905 -1.1861017  -1.35102778 -1.40072634 -1.52786035]
 [-0.51639632  1.15319999  1.12716176  2.49021416  2.47966956]
 [ 1.05995556  0.88747697  2.03721744 -0.83790919  0.79754208]
 [-2.28345072 -3.15907584  0.8859324  -0.43453325 -0.90937115]
 [ 0.86258395  1.82869457  0.7948058   0.47461588  1.40465704]
 [-0.31188167 -0.45621226 -0.70277212 -1.26544324 -1.54971202]
 [ 0.41247197 -1.33708603  3.16923853  0.30924192  0.69133593]
 [-0.71818585 -2.23656327 -2.11603703 -0.78971493 -1.32015238]
 [-3.11310966 -0.77085239 -1.16623997  0.03360578 -2.8589491 ]
 [ 0.80835884 -1.02780409 -0.31891551 -0.41582762 -0.18314689]
 [-0.74938703 -0.27386381  0.32659241 -1.24385255 -2.62059404]]|[[-0.35094431 -0.17055709  0.04492315 -0.8898881  -0.60290437  0.23473941
   1.23817519 -0.30405718 -0.20632267 -0.66678963  0.71769994]]'Generation 89 fittest network:
'[[-2.46772905 -1.1861017  -1.35102778 -1.40072634 -1.52786035]
 [-0.51639632  1.15319999  1.12716176  2.49021416  2.47966956]
 [ 1.05995556  0.88747697  2.03721744 -0.83790919  0.79754208]
 [-2.28345072 -3.15907584  0.8859324  -0.43453325 -0.90937115]
 [ 0.86258395  1.82869457  0.7948058   0.47461588  1.40465704]
 [-0.31188167 -0.45621226 -0.70277212 -1.26544324 -1.54971202]
 [ 0.41247197 -1.33708603  3.16923853  0.30924192  0.69133593]
 [-0.71818585 -2.23656327 -2.11603703 -0.78971493 -1.32015238]
 [-3.11310966 -0.77085239 -1.16623997  0.03360578 -2.8589491 ]
 [ 0.80835884 -1.02780409 -0.31891551 -0.41582762 -0.18314689]
 [-0.74938703 -0.27386381  0.32659241 -1.24385255 -2.62059404]]|[[-0.35094431 -0.17055709  0.04492315 -0.8898881  -0.60290437  0.23473941
   1.23817519 -0.30405718 -0.20632267 -0.66678963  0.71769994]]'Generation 90 fittest network:
'[[-1.98776376 -0.70613641  0.07042073 -0.92076105 -0.43176136]
 [-0.30785054  1.36174577  0.67434954  2.03740195  2.54783352]
 [ 0.65980357  0.48732498  1.63706545 -1.23806118  0.3973901 ]
 [-2.34578604 -2.47478389  0.82359708 -0.54280783 -0.94089795]
 [ 0.93821934  2.12806246  1.09417368  0.78028045  1.70402493]
 [-0.5814062  -0.76481102 -1.2641212  -1.53496777 -1.85831078]
 [-0.03244708 -1.33708603  3.16923853  0.30924192  0.1978018 ]
 [-0.8039518  -2.32232921 -2.20180298 -0.87548088 -1.40591832]
 [-3.11310966 -0.77085239 -1.31248748 -0.3903772  -3.0051966 ]
 [ 1.09189205 -1.19875861 -0.48987003 -0.58678214  0.10038633]
 [-1.11062138 -0.25600968  0.34444654 -1.9584215  -2.98182839]]|[[ 0.17870382 -0.1792065   0.09443681 -0.65407487 -0.17160278  0.14618363
   1.03118255 -1.63167508  0.05362374 -0.4020162  -1.28808536]]'Generation 91 fittest network:
'[[-2.32178667 -1.04015932 -1.2050854  -1.25478396 -0.54740424]
 [-0.1419637   1.0915135   1.64197621  1.9075515   2.85410218]
 [ 1.73249389  1.37556453  2.28496451 -0.57124583  1.53496898]
 [-2.95399401 -3.78367988  0.80329496 -1.05913729 -1.53397518]
 [ 0.54688746  2.27611831  0.53538073  0.27773667  1.14523198]
 [-0.70462146 -0.88802627 -1.38733645 -1.65818303 -1.98152603]
 [ 0.30162308 -2.0581462   3.05838964  0.03310079 -0.07833932]
 [-0.92958753 -2.44796494 -2.19334895 -0.86702685 -1.3974643 ]
 [-3.03397473 -0.54546995 -1.08710504  0.25898823 -2.63356666]
 [ 0.68494645 -0.84697102 -0.13808244  0.21949318  0.45217392]
 [-0.61089771 -0.2284919   0.37196432 -1.45869783 -2.38711099]]|[[-1.04268823 -0.57675344  0.70219054  0.28578318 -0.02860363  1.26065005
  -0.76497132  1.07621572 -0.57477225  0.65019352  1.03949409]]'Generation 1 fittest network:
'[[ 0.23777492  0.08762773 -0.39313719 -0.03518118 -0.11445057]
 [ 0.11584858 -0.65025483 -0.22036676  0.03154185 -0.08475013]
 [-0.13118378 -0.06410046 -0.36423085 -0.36051899 -0.76172103]
 [ 0.27059363 -0.10129816  0.14617125 -0.08290092  0.40005002]
 [ 0.17437182  0.2517377  -0.08516481  0.02875389 -0.08550167]
 [ 0.10816342 -0.24372471 -0.10971534 -0.06922765  0.24893142]
 [ 0.05531643 -0.47746744  0.02641307  0.17030461  0.24713403]
 [ 0.65538554 -0.11715606  0.32350829 -0.02662095  0.01012249]
 [ 0.10808108 -0.31839643  0.06287552 -0.17593615 -0.44806855]
 [-0.07472617 -0.17469132 -0.28321735  0.30202767  0.42053724]
 [ 0.40345145  0.46644942  0.24094985  0.00269156 -0.72517693]]|[[-0.31930006 -1.03902005  0.42557622 -0.64270153 -0.55516565 -1.81565103
   0.04283121  0.72925333 -0.14076376 -0.81499776  1.34343667]]'Generation 2 fittest network:
'[[ 0.23777492  0.08762773 -0.39313719 -0.03518118 -0.11445057]
 [ 0.11584858 -0.65025483 -0.22036676  0.03154185 -0.08475013]
 [-0.13118378 -0.06410046 -0.36423085 -0.36051899 -0.76172103]
 [ 0.27059363 -0.10129816  0.14617125 -0.08290092  0.40005002]
 [ 0.17437182  0.2517377  -0.08516481  0.02875389 -0.08550167]
 [ 0.10816342 -0.24372471 -0.10971534 -0.06922765  0.24893142]
 [ 0.05531643 -0.47746744  0.02641307  0.17030461  0.24713403]
 [ 0.65538554 -0.11715606  0.32350829 -0.02662095  0.01012249]
 [ 0.10808108 -0.31839643  0.06287552 -0.17593615 -0.44806855]
 [-0.07472617 -0.17469132 -0.28321735  0.30202767  0.42053724]
 [ 0.40345145  0.46644942  0.24094985  0.00269156 -0.72517693]]|[[-0.31930006 -1.03902005  0.42557622 -0.64270153 -0.55516565 -1.81565103
   0.04283121  0.72925333 -0.14076376 -0.81499776  1.34343667]]'