---- Generation 1 Best | Fitness 6014.671174075375 ---
[[ 0.20863584 -0.11897698  0.42213365]
 [-0.5844485  -0.17158118 -0.0426807 ]
 [ 0.58458197  0.10839011 -0.30019135]
 [ 0.07187198  0.234069   -0.43529853]
 [ 0.56538433  0.41790104  0.09197067]
 [-0.02833155  0.02631262 -0.40503123]
 [-0.01265218 -0.27152897 -0.418953  ]
 [ 0.17728657 -0.16599657  0.23133977]
 [-0.04012766 -0.0968272   0.40393963]
 [ 0.24647581  0.19658845 -0.36211957]
 [-0.14216422  0.93370281  0.19085948]]
[[ 0.05894959 -0.69950353  0.79539292 -1.20232501  0.2813733  -1.72027758
  -0.16816156  0.14839389  0.04720795 -0.53428811  1.1587763 ]]